#Tele  #Face  #Strip  #slope  #offset
0  0  0  0.000834  -1.15126
0  0  1  0.000763  -1.09147
0  0  2  0.000831  -1.19931
0  0  3  0.000752  -1.11282
0  0  4  0.000838  -1.19562
0  0  5  0.000829  -1.10385
0  0  6  0.000803  -1.1317
0  0  7  0.000854  -1.25272
0  0  8  0.000798  -1.13976
0  0  9  0.000826  -1.14558
0  0  10  0.000826  -1.1626
0  0  11  0.000841  -1.21253
0  0  12  0.000863  -1.2777
0  0  13  0.000846  -1.18473
0  0  14  0.000842  -1.25971
0  0  15  0.000841  -1.15817
0  0  16  0.00078  -1.15745
0  0  17  0.00082  -1.10993
0  0  18  0.000848  -1.21317
0  0  19  0.0008  -1.10008
0  0  20  0.000835  -1.15646
0  0  21  0.000893  -1.35903
0  0  22  0.000772  -1.13637
0  0  23  0.000773  -1.10658
0  0  24  0.000847  -1.18398
0  0  25  0.000824  -1.22304
0  0  26  0.000871  -1.14366
0  0  27  0.000858  -1.13438
0  0  28  0.000848  -1.14358
0  0  29  0.000853  -1.23489
0  0  30  0.000859  -1.23543
0  0  31  0.00084  -1.28067
0  1  0  1  0
0  1  1  1  0
0  1  2  1  0
0  1  3  1  0
0  1  4  1  0
0  1  5  1  0
0  1  6  1  0
0  1  7  1  0
0  1  8  1  0
0  1  9  1  0
0  1  10  1  0
0  1  11  1  0
0  1  12  1  0
0  1  13  1  0
0  1  14  0.001455  -0.324455
0  1  15  0.001512  -0.384504
0  1  16  0.001457  -0.526681
0  1  17  0.001522  -0.450787
0  1  18  0.001473  -0.658246
0  1  19  0.001528  -0.644928
0  1  20  0.001476  -0.701919
0  1  21  1  0
0  1  22  0.001445  -0.516278
0  1  23  0.00146  0.013965
0  1  24  1  0
0  1  25  1  0
0  1  26  1  0
0  1  27  1  0
0  1  28  1  0
0  1  29  1  0
0  1  30  1  0
0  1  31  1  0
0  2  0  1  0
0  2  1  1  0
0  2  2  1  0
0  2  3  1  0
0  2  4  1  0
0  2  5  1  0
0  2  6  1  0
0  2  7  1  0
0  2  8  1  0
0  2  9  1  0
0  2  10  1  0
0  2  11  1  0
0  2  12  1  0
0  2  13  1  0
0  2  14  1  0
0  2  15  1  0
0  2  16  1  0
0  2  17  1  0
0  2  18  1  0
0  2  19  1  0
0  2  20  1  0
0  2  21  1  0
0  2  22  1  0
0  2  23  1  0
0  2  24  1  0
0  2  25  1  0
0  2  26  1  0
0  2  27  1  0
0  2  28  1  0
0  2  29  1  0
0  2  30  1  0
0  2  31  1  0
1  0  0  0.000873  -1.09466
1  0  1  0.000873  -1.10336
1  0  2  0.000838  -1.07891
1  0  3  0.000891  -0.982117
1  0  4  0.000841  -0.905584
1  0  5  0.000861  -1.06919
1  0  6  0.000871  -1.08548
1  0  7  0.000884  -1.04611
1  0  8  0.000881  -1.0544
1  0  9  0.000876  -1.04707
1  0  10  0.000862  -1.05168
1  0  11  0.000765  -1.01131
1  0  12  0.00081  -0.94246
1  0  13  0.000817  -0.968479
1  0  14  0.000844  -1.01464
1  0  15  0.000905  -1.07331
1  0  16  0.00087  -1.23868
1  0  17  0.000893  -1.32257
1  0  18  0.000871  -1.26223
1  0  19  0.000863  -1.15877
1  0  20  0.000827  -1.26675
1  0  21  0.000854  -1.25749
1  0  22  0.000842  -1.27184
1  0  23  0.000878  -1.29797
1  0  24  0.000863  -1.30201
1  0  25  0.000862  -1.18638
1  0  26  0.00092  -1.33664
1  0  27  0.000803  -1.14051
1  0  28  0.000812  -1.13207
1  0  29  0.000755  -1.09347
1  0  30  0.000895  -1.2176
1  0  31  0.000864  -1.26464
1  1  0  1  0
1  1  1  1  0
1  1  2  1  0
1  1  3  1  0
1  1  4  1  0
1  1  5  1  0
1  1  6  1  0
1  1  7  1  0
1  1  8  1  0
1  1  9  1  0
1  1  10  1  0
1  1  11  1  0
1  1  12  1  0
1  1  13  0.001486  -0.441774
1  1  14  0.001462  -0.335838
1  1  15  0.001499  -0.485338
1  1  16  0.001483  -0.499207
1  1  17  0.001512  -0.686924
1  1  18  0.001489  -0.64023
1  1  19  0.001515  -0.374172
1  1  20  0.001473  -0.434314
1  1  21  0.001499  -0.287479
1  1  22  0.001461  -0.403612
1  1  23  0.001496  -0.531209
1  1  24  1  0
1  1  25  1  0
1  1  26  1  0
1  1  27  1  0
1  1  28  1  0
1  1  29  1  0
1  1  30  1  0
1  1  31  1  0
1  2  0  1  0
1  2  1  1  0
1  2  2  1  0
1  2  3  1  0
1  2  4  1  0
1  2  5  1  0
1  2  6  1  0
1  2  7  1  0
1  2  8  1  0
1  2  9  1  0
1  2  10  1  0
1  2  11  1  0
1  2  12  1  0
1  2  13  0.001499  -0.641375
1  2  14  0.001499  -0.497327
1  2  15  0.001502  -0.823821
1  2  16  0.001512  -0.674824
1  2  17  0.001502  -0.769742
1  2  18  0.001505  -0.567621
1  2  19  0.001492  -0.720161
1  2  20  0.001496  -0.537191
1  2  21  0.001476  -0.406642
1  2  22  0.001502  -0.379175
1  2  23  0.001472  -0.318215
1  2  24  1  0
1  2  25  1  0
1  2  26  1  0
1  2  27  1  0
1  2  28  1  0
1  2  29  1  0
1  2  30  1  0
1  2  31  1  0
2  0  0  0.000859  -1.18791
2  0  1  0.000827  -1.22433
2  0  2  0.00085  -1.23847
2  0  3  0.000823  -1.23125
2  0  4  0.000864  -1.24746
2  0  5  0.000884  -1.37234
2  0  6  0.000851  -1.25469
2  0  7  0.000838  -1.21495
2  0  8  0.000974  -1.37555
2  0  9  0.000923  -1.37305
2  0  10  0.001035  -1.57454
2  0  11  0.000993  -1.46331
2  0  12  0.000955  -1.36292
2  0  13  0.00097  -1.33167
2  0  14  0.000984  -1.45563
2  0  15  0.000962  -1.29701
2  0  16  0.000845  -1.37284
2  0  17  0.000866  -1.33893
2  0  18  0.000848  -1.35862
2  0  19  0.000827  -1.3228
2  0  20  0.000855  -1.4105
2  0  21  0.000799  -1.23641
2  0  22  0.000827  -1.34411
2  0  23  0.000841  -1.38238
2  0  24  1  0
2  0  25  0.000934  -1.56122
2  0  26  0.000951  -1.47512
2  0  27  0.000904  -1.46604
2  0  28  0.000965  -1.45623
2  0  29  0.000982  -1.45418
2  0  30  0.000977  -1.52056
2  0  31  0.000981  -1.38852
2  1  0  1  0
2  1  1  1  0
2  1  2  1  0
2  1  3  1  0
2  1  4  1  0
2  1  5  1  0
2  1  6  1  0
2  1  7  1  0
2  1  8  1  0
2  1  9  1  0
2  1  10  1  0
2  1  11  1  0
2  1  12  0.001522  -0.797832
2  1  13  0.001473  -0.893964
2  1  14  0.001522  -1.01702
2  1  15  0.001492  -0.726124
2  1  16  0.001522  -0.475142
2  1  17  0.001464  -0.663023
2  1  18  0.001499  -0.425387
2  1  19  1  0
2  1  20  0.001515  -0.531793
2  1  21  1  0
2  1  22  0.001486  -0.271402
2  1  23  1  0
2  1  24  1  0
2  1  25  1  0
2  1  26  1  0
2  1  27  1  0
2  1  28  1  0
2  1  29  1  0
2  1  30  1  0
2  1  31  1  0
2  2  0  1  0
2  2  1  1  0
2  2  2  1  0
2  2  3  1  0
2  2  4  1  0
2  2  5  1  0
2  2  6  1  0
2  2  7  1  0
2  2  8  1  0
2  2  9  1  0
2  2  10  1  0
2  2  11  1  0
2  2  12  1  0
2  2  13  1  0
2  2  14  0.001483  -0.76612
2  2  15  0.001492  -0.654488
2  2  16  0.001486  -0.917281
2  2  17  0.001496  -0.632913
2  2  18  0.00147  -0.76177
2  2  19  0.001484  -0.552742
2  2  20  1  0
2  2  21  0.001483  -0.291623
2  2  22  1  0
2  2  23  1  0
2  2  24  1  0
2  2  25  1  0
2  2  26  1  0
2  2  27  1  0
2  2  28  1  0
2  2  29  1  0
2  2  30  1  0
2  2  31  1  0
3  0  0  0.000872  -1.53655
3  0  1  0.000869  -1.49217
3  0  2  0.000886  -1.60803
3  0  3  0.000847  -1.50541
3  0  4  0.000861  -1.59094
3  0  5  0.000854  -1.51917
3  0  6  0.000841  -1.60089
3  0  7  0.00082  -1.47803
3  0  8  0.00088  -1.50083
3  0  9  0.000865  -1.52496
3  0  10  0.000859  -1.50044
3  0  11  0.000863  -1.54075
3  0  12  0.000831  -1.49282
3  0  13  0.000859  -1.65173
3  0  14  0.000831  -1.49102
3  0  15  0.000886  -1.44538
3  0  16  0.000869  -1.64621
3  0  17  0.00085  -1.60405
3  0  18  0.000819  -1.55963
3  0  19  0.000865  -1.64544
3  0  20  0.000816  -1.49486
3  0  21  0.000863  -1.5464
3  0  22  0.000853  -1.5349
3  0  23  0.00083  -1.59978
3  0  24  0.000814  -1.53794
3  0  25  0.000862  -1.57195
3  0  26  0.000878  -1.63813
3  0  27  0.000786  -1.44553
3  0  28  0.000869  -1.60721
3  0  29  0.000826  -1.62578
3  0  30  0.000874  -1.60449
3  0  31  0.000865  -1.5698
3  1  0  1  0
3  1  1  1  0
3  1  2  1  0
3  1  3  1  0
3  1  4  1  0
3  1  5  1  0
3  1  6  1  0
3  1  7  1  0
3  1  8  1  0
3  1  9  1  0
3  1  10  1  0
3  1  11  1  0
3  1  12  0.00156  -0.44153
3  1  13  0.001505  -0.3689
3  1  14  0.001557  -0.364849
3  1  15  0.001509  -0.491351
3  1  16  0.00155  -0.317883
3  1  17  0.001488  -0.236303
3  1  18  1  0
3  1  19  1  0
3  1  20  0.001541  -0.246268
3  1  21  1  0
3  1  22  1  0
3  1  23  1  0
3  1  24  1  0
3  1  25  1  0
3  1  26  1  0
3  1  27  1  0
3  1  28  1  0
3  1  29  1  0
3  1  30  1  0
3  1  31  1  0
3  2  0  1  0
3  2  1  1  0
3  2  2  1  0
3  2  3  1  0
3  2  4  1  0
3  2  5  1  0
3  2  6  1  0
3  2  7  1  0
3  2  8  1  0
3  2  9  1  0
3  2  10  1  0
3  2  11  1  0
3  2  12  1  0
3  2  13  1  0
3  2  14  0.001515  -0.778381
3  2  15  0.001515  -1.1137
3  2  16  0.001532  -0.750866
3  2  17  0.0015  -1.04317
3  2  18  0.001505  -0.670148
3  2  19  1  0
3  2  20  1  0
3  2  21  1  0
3  2  22  1  0
3  2  23  1  0
3  2  24  1  0
3  2  25  1  0
3  2  26  1  0
3  2  27  1  0
3  2  28  1  0
3  2  29  1  0
3  2  30  1  0
3  2  31  1  0
4  0  0  0.000873  -1.32247
4  0  1  0.000832  -1.19076
4  0  2  0.000843  -1.17188
4  0  3  0.000859  -1.22578
4  0  4  0.000834  -1.23729
4  0  5  0.000824  -1.16868
4  0  6  0.000857  -1.17913
4  0  7  0.000852  -1.19552
4  0  8  0.000852  -1.29015
4  0  9  0.000834  -1.25116
4  0  10  0.000849  -1.30281
4  0  11  0.000856  -1.08896
4  0  12  0.000839  -1.22628
4  0  13  0.000874  -1.26899
4  0  14  0.00086  -1.17031
4  0  15  0.000849  -1.15042
4  0  16  0.000862  -1.33081
4  0  17  0.000856  -1.22563
4  0  18  0.000824  -1.18656
4  0  19  0.000845  -1.18319
4  0  20  0.000834  -1.19744
4  0  21  0.000809  -1.24947
4  0  22  0.000844  -1.19059
4  0  23  0.000828  -1.16427
4  0  24  0.000856  -1.22818
4  0  25  0.000864  -1.24533
4  0  26  0.000892  -1.30466
4  0  27  0.0006  -0.859781
4  0  28  0.00087  -1.20583
4  0  29  0.000858  -1.26183
4  0  30  0.00084  -1.22861
4  0  31  0.000749  -1.02026
4  1  0  0.003616  -8.14367
4  1  1  0.001453  0.162858
4  1  2  0.001471  0.104811
4  1  3  0.001446  -0.08302
4  1  4  0.001476  0.015061
4  1  5  0.001449  0.024396
4  1  6  0.001473  -0.075775
4  1  7  0.001457  -0.091208
4  1  8  0.001476  -0.098203
4  1  9  0.001456  -0.152839
4  1  10  0.001474  -0.163531
4  1  11  0.001458  0.212757
4  1  12  0.001472  -0.028735
4  1  13  0.001454  0.026487
4  1  14  0.001478  -0.00383
4  1  15  0.001452  -0.047429
4  1  16  0.001471  -0.021813
4  1  17  0.001448  -0.042886
4  1  18  0.001473  -0.045314
4  1  19  0.001453  -0.141677
4  1  20  0.001473  -0.074482
4  1  21  0.001461  -0.01416
4  1  22  0.001464  0.0447
4  1  23  0.00145  -0.136252
4  1  24  0.001463  -0.044372
4  1  25  0.001458  0.158935
4  1  26  0.001467  -0.052814
4  1  27  0.001468  0.105307
4  1  28  0.001461  -0.061126
4  1  29  0.001471  -0.152426
4  1  30  0.001464  -0.066309
4  1  31  0.00145  0.096259
4  2  0  0.001416  -0.479916
4  2  1  0.001421  -0.210215
4  2  2  0.001423  -0.375925
4  2  3  0.001416  -0.313996
4  2  4  0.001421  -0.331616
4  2  5  0.001418  -0.29896
4  2  6  0.001431  -0.352958
4  2  7  0.001428  -0.214382
4  2  8  0.001434  -0.275879
4  2  9  0.001437  -0.20916
4  2  10  0.001426  -0.302497
4  2  11  0.001437  -0.328053
4  2  12  0.001437  -0.319817
4  2  13  0.001441  -0.258608
4  2  14  0.001429  -0.167085
4  2  15  0.001428  -0.314465
4  2  16  0.001439  -0.220597
4  2  17  0.00143  -0.310199
4  2  18  0.001431  -0.207755
4  2  19  0.001429  -0.105706
4  2  20  0.001423  -0.155527
4  2  21  0.001434  -0.321358
4  2  22  0.001439  -0.355627
4  2  23  1  0
4  2  24  0.001439  -0.092316
4  2  25  0.00143  -0.190074
4  2  26  0.001433  -0.375372
4  2  27  0.001434  -0.151782
4  2  28  0.001436  -0.419795
4  2  29  0.001429  -0.171413
4  2  30  0.00142  -0.306623
4  2  31  1  0
5  0  0  0.000845  -1.25656
5  0  1  0.000845  -1.20401
5  0  2  0.00083  -1.14013
5  0  3  0.000838  -1.22782
5  0  4  0.000845  -1.24073
5  0  5  0.000824  -1.18572
5  0  6  0.000849  -1.18735
5  0  7  0.000883  -1.34349
5  0  8  0.000858  -1.19908
5  0  9  0.000841  -1.24322
5  0  10  0.000849  -1.13339
5  0  11  0.000861  -1.27792
5  0  12  0.000848  -1.24204
5  0  13  0.000868  -1.30951
5  0  14  0.000834  -1.25786
5  0  15  0.00085  -1.28747
5  0  16  0.000814  -1.0482
5  0  17  0.000814  -1.17362
5  0  18  0.000854  -1.27247
5  0  19  0.000852  -1.16097
5  0  20  0.000854  -1.17392
5  0  21  0.000827  -1.21831
5  0  22  0.00084  -1.16636
5  0  23  0.000863  -1.2289
5  0  24  0.000864  -1.27232
5  0  25  0.000862  -1.24049
5  0  26  0.000878  -1.23337
5  0  27  0.000852  -1.20233
5  0  28  0.000859  -1.11195
5  0  29  0.00085  -1.16721
5  0  30  0.000812  -1.12805
5  0  31  0.000815  -1.15019
5  1  0  0.001466  -0.134187
5  1  1  0.001437  0.065387
5  1  2  0.001463  -0.00877
5  1  3  0.001441  0.126171
5  1  4  0.001457  -0.036976
5  1  5  0.001442  -0.09046
5  1  6  0.001462  -0.16112
5  1  7  0.001436  0.207488
5  1  8  0.001464  -0.141818
5  1  9  0.001436  0.156845
5  1  10  0.001458  -0.034195
5  1  11  0.001441  0.03216
5  1  12  0.001459  -0.044512
5  1  13  0.001444  0.076687
5  1  14  0.001454  -0.013938
5  1  15  0.001448  0.036914
5  1  16  0.001464  -0.035569
5  1  17  0.00144  0.074948
5  1  18  0.001465  -0.222299
5  1  19  0.00144  0.138745
5  1  20  0.001465  0.043479
5  1  21  0.001439  -0.007897
5  1  22  0.001465  0.000628
5  1  23  0.001438  0.095144
5  1  24  0.001468  0.020083
5  1  25  0.001441  -0.106877
5  1  26  0.001458  -0.04487
5  1  27  0.001427  -0.009079
5  1  28  0.001458  -0.049985
5  1  29  0.001431  0.091545
5  1  30  0.001465  0.042894
5  1  31  0.001442  -0.029724
5  2  0  0.001443  0.083836
5  2  1  0.001481  -0.208644
5  2  2  0.00146  0.030233
5  2  3  0.001476  0.109659
5  2  4  0.001457  -0.002954
5  2  5  0.001475  -0.109539
5  2  6  0.001452  0.061294
5  2  7  0.001476  -0.204771
5  2  8  0.001457  0.090072
5  2  9  0.00147  0.135636
5  2  10  1  0
5  2  11  0.001467  -0.151249
5  2  12  0.001463  -0.024832
5  2  13  0.001482  -0.105129
5  2  14  0.001476  -0.05208
5  2  15  0.001471  0.109854
5  2  16  0.00147  0.030241
5  2  17  0.001477  -0.154696
5  2  18  1  0
5  2  19  0.001477  -0.241373
5  2  20  0.001459  -0.041415
5  2  21  0.001464  -0.10702
5  2  22  1  0
5  2  23  0.001467  -0.122796
5  2  24  0.00144  -0.217192
5  2  25  0.001465  -0.092286
5  2  26  0.001454  0.076492
5  2  27  0.00147  -0.10479
5  2  28  0.001456  0.01965
5  2  29  0.001469  -0.147289
5  2  30  0.001458  0.073243
5  2  31  0.001452  -0.253671
6  0  0  0.000861  -1.32043
6  0  1  0.000875  -1.29199
6  0  2  0.000838  -1.22791
6  0  3  0.000861  -1.35084
6  0  4  0.000886  -1.22981
6  0  5  0.000844  -1.21564
6  0  6  0.000824  -1.16887
6  0  7  0.000843  -1.25214
6  0  8  0.000854  -1.25253
6  0  9  0.000909  -1.34158
6  0  10  0.000892  -1.31695
6  0  11  0.000876  -1.33753
6  0  12  0.00089  -1.39911
6  0  13  0.000895  -1.23992
6  0  14  0.000855  -1.32403
6  0  15  0.000779  -1.17909
6  0  16  0.000877  -1.41115
6  0  17  0.000882  -1.3037
6  0  18  0.000903  -1.31708
6  0  19  0.000873  -1.2878
6  0  20  0.000864  -1.30773
6  0  21  0.000864  -1.23466
6  0  22  0.000853  -1.25488
6  0  23  0.000807  -1.20311
6  0  24  0.000836  -1.22911
6  0  25  0.0009  -1.36871
6  0  26  0.000872  -1.25579
6  0  27  0.000864  -1.28368
6  0  28  0.000831  -1.24781
6  0  29  0.000855  -1.24672
6  0  30  0.00088  -1.28504
6  0  31  0.000891  -1.24827
6  1  0  1  0
6  1  1  0.001432  0.249487
6  1  2  0.001453  0.119568
6  1  3  0.001448  0.22497
6  1  4  0.001464  0.10132
6  1  5  0.001455  0.153765
6  1  6  0.001449  0.184537
6  1  7  0.00145  0.089061
6  1  8  0.00145  0.196804
6  1  9  0.001454  0.203059
6  1  10  0.001461  0.078171
6  1  11  0.001446  0.173059
6  1  12  0.001449  -0.081325
6  1  13  0.001461  0.202637
6  1  14  0.00146  0.168742
6  1  15  0.001468  0.325125
6  1  16  0.001461  0.211093
6  1  17  0.001461  0.073384
6  1  18  0.001475  0.218883
6  1  19  0.00147  0.275322
6  1  20  0.001458  0.165181
6  1  21  0.001457  0.082196
6  1  22  0.001464  -0.016025
6  1  23  0.001474  0.229906
6  1  24  0.001457  0.158912
6  1  25  0.001465  0.18305
6  1  26  0.001452  0.247407
6  1  27  0.001457  0.018515
6  1  28  0.001454  0.164136
6  1  29  0.001461  0.13242
6  1  30  0.001452  0.204861
6  1  31  0.001466  0.200138
6  2  0  0.001446  -0.274952
6  2  1  0.001467  -0.636824
6  2  2  0.001481  -0.450394
6  2  3  0.001474  -0.474817
6  2  4  0.001487  -0.432809
6  2  5  0.001482  -0.539459
6  2  6  0.001487  -0.243874
6  2  7  0.001488  -0.576793
6  2  8  0.003393  -7.58116
6  2  9  0.001484  -0.820414
6  2  10  0.001483  -0.124141
6  2  11  0.0015  -0.851639
6  2  12  0.001485  -0.359001
6  2  13  0.00149  -0.653632
6  2  14  0.001496  -0.401052
6  2  15  0.00151  -0.663007
6  2  16  0.001505  -0.537467
6  2  17  0.001526  -0.800173
6  2  18  0.001491  -0.608905
6  2  19  0.001522  -0.416641
6  2  20  0.001492  -0.362491
6  2  21  0.00152  -0.550332
6  2  22  0.001484  -0.355159
6  2  23  0.001524  -0.760574
6  2  24  0.00149  -0.462859
6  2  25  0.001513  -0.818938
6  2  26  0.001495  -0.515051
6  2  27  0.001515  -0.595044
6  2  28  0.001475  -0.353118
6  2  29  0.001509  -0.800576
6  2  30  0.001488  -0.26163
6  2  31  0.001511  -0.747356
7  0  0  0.000899  -1.71345
7  0  1  0.000879  -1.63716
7  0  2  0.000881  -1.6507
7  0  3  0.000837  -1.5334
7  0  4  0.000904  -1.71829
7  0  5  0.000854  -1.65435
7  0  6  0.000898  -1.64778
7  0  7  0.000876  -1.63785
7  0  8  0.000843  -1.66033
7  0  9  0.000855  -1.62537
7  0  10  0.000791  -1.50512
7  0  11  0.000885  -1.65051
7  0  12  0.000848  -1.52802
7  0  13  0.000882  -1.75042
7  0  14  0.000915  -1.70694
7  0  15  0.000889  -1.7209
7  0  16  0.000873  -1.60508
7  0  17  0.000866  -1.60829
7  0  18  0.000878  -1.53051
7  0  19  0.000837  -1.58546
7  0  20  0.000796  -1.4706
7  0  21  0.000886  -1.63838
7  0  22  0.000893  -1.70299
7  0  23  0.000876  -1.6219
7  0  24  0.000795  -1.44114
7  0  25  0.000823  -1.54232
7  0  26  0.000861  -1.65005
7  0  27  0.000848  -1.61606
7  0  28  0.000861  -1.63066
7  0  29  0.000857  -1.61999
7  0  30  0.000835  -1.55357
7  0  31  0.000846  -1.5095
7  1  0  1  0
7  1  1  0.00155  -0.167159
7  1  2  0.006291  -20.6559
7  1  3  0.001495  -0.038824
7  1  4  1  0
7  1  5  0.001498  0.119056
7  1  6  0.001516  -1.05153
7  1  7  0.001498  -0.081853
7  1  8  0.003568  -9.674
7  1  9  0.001499  -0.110856
7  1  10  0.001496  -0.955687
7  1  11  0.001494  -0.090218
7  1  12  0.001519  -0.909452
7  1  13  0.001492  -0.03336
7  1  14  0.001533  -1.06749
7  1  15  0.0015  0.008117
7  1  16  0.00153  -1.26088
7  1  17  0.001505  -0.045894
7  1  18  0.001518  -1.10254
7  1  19  0.001503  -0.019036
7  1  20  0.001516  -1.05529
7  1  21  0.001485  -0.034943
7  1  22  0.001525  -1.14775
7  1  23  0.001492  0.232899
7  1  24  0.001506  -1.01586
7  1  25  0.001496  0.043864
7  1  26  0.001521  -1.19632
7  1  27  0.001493  -0.108041
7  1  28  0.001503  -0.985023
7  1  29  0.001489  -0.040439
7  1  30  0.001513  -1.11585
7  1  31  0.00149  0.075648
7  2  0  0.001562  -0.295198
7  2  1  0.001579  -0.187903
7  2  2  0.001545  -0.169498
7  2  3  0.001606  -0.390522
7  2  4  0.001531  -0.079324
7  2  5  0.001579  -0.305638
7  2  6  0.001534  -0.248787
7  2  7  0.001587  -0.292227
7  2  8  0.00154  -0.101556
7  2  9  0.001596  -0.17961
7  2  10  0.001542  -0.1259
7  2  11  0.001602  -0.298263
7  2  12  0.001545  -0.271859
7  2  13  0.001611  -0.495785
7  2  14  0.001548  -0.484533
7  2  15  0.001587  -0.44439
7  2  16  0.001548  -0.298978
7  2  17  0.00157  -0.484719
7  2  18  0.001542  -0.333255
7  2  19  0.00156  -0.331928
7  2  20  0.00155  -0.406062
7  2  21  0.001568  -0.267667
7  2  22  0.001546  -0.384474
7  2  23  0.001563  -0.325726
7  2  24  0.001541  -0.494404
7  2  25  0.001563  -0.244663
7  2  26  0.00154  -0.324715
7  2  27  0.001556  -0.344177
7  2  28  0.00154  -0.340712
7  2  29  0.001558  -0.417968
7  2  30  0.001546  -0.33064
7  2  31  0.001592  -0.329819
8  0  0  0.000876  -1.51693
8  0  1  0.000866  -1.49125
8  0  2  0.000857  -1.56027
8  0  3  0.000782  -1.47209
8  0  4  0.0009  -1.71151
8  0  5  0.000838  -1.46069
8  0  6  0.000878  -1.55088
8  0  7  0.000881  -1.5702
8  0  8  0.000797  -1.47061
8  0  9  0.000851  -1.46711
8  0  10  0.00088  -1.51727
8  0  11  0.000851  -1.52887
8  0  12  0.000905  -1.60601
8  0  13  0.000849  -1.61552
8  0  14  0.000854  -1.55941
8  0  15  0.001056  -1.99544
8  0  16  0.00091  -1.74298
8  0  17  0.000854  -1.57689
8  0  18  0.000898  -1.62473
8  0  19  0.00086  -1.6171
8  0  20  0.000849  -1.64899
8  0  21  0.001  -1.88995
8  0  22  0.000906  -1.71553
8  0  23  0.000874  -1.71213
8  0  24  0.000815  -1.46918
8  0  25  0.000865  -1.61012
8  0  26  0.00087  -1.61146
8  0  27  0.000839  -1.60509
8  0  28  0.000842  -1.55799
8  0  29  0.000859  -1.64757
8  0  30  0.000876  -1.54418
8  0  31  0.001012  -1.91495
8  1  0  0.001452  -0.012451
8  1  1  0.001446  0.182739
8  1  2  0.001445  -0.012672
8  1  3  0.001453  -0.053769
8  1  4  0.001452  -0.026452
8  1  5  0.001448  0.09321
8  1  6  0.001461  -0.062541
8  1  7  0.00145  0.097596
8  1  8  0.001451  0.103842
8  1  9  0.001454  0.17806
8  1  10  0.001451  0.084724
8  1  11  0.001452  0.122587
8  1  12  0.001449  -0.010322
8  1  13  0.00145  0.142221
8  1  14  0.001449  -0.054283
8  1  15  0.00145  0.171994
8  1  16  0.001459  -0.126088
8  1  17  0.001448  -0.083421
8  1  18  0.001452  -0.090532
8  1  19  0.001447  -0.024309
8  1  20  0.001452  0.023269
8  1  21  0.001452  0.117591
8  1  22  0.001455  0.008383
8  1  23  0.001446  0.142343
8  1  24  0.001453  -0.056773
8  1  25  0.00145  0.086514
8  1  26  0.001452  -0.053571
8  1  27  0.001449  -0.126018
8  1  28  0.001456  0.046662
8  1  29  0.001455  0.144608
8  1  30  0.001452  0.093037
8  1  31  0.001449  0.092089
8  2  0  0.001436  -0.438493
8  2  1  0.001463  -0.418265
8  2  2  0.001437  -0.520284
8  2  3  0.001467  -0.452191
8  2  4  0.001414  -0.428801
8  2  5  0.001456  -0.493849
8  2  6  0.001425  -0.420122
8  2  7  0.00146  -0.324259
8  2  8  0.001445  -0.40423
8  2  9  0.001461  -0.504157
8  2  10  0.003265  -7.6888
8  2  11  0.001465  -0.419768
8  2  12  0.001428  -0.405596
8  2  13  0.001466  -0.314149
8  2  14  0.001454  -0.542097
8  2  15  0.001466  -0.125635
8  2  16  0.001432  -0.414116
8  2  17  0.001463  -0.17818
8  2  18  0.001431  -0.363926
8  2  19  0.001474  -0.444859
8  2  20  0.001423  -0.573004
8  2  21  0.001475  -0.38545
8  2  22  0.001435  -0.271356
8  2  23  0.001475  -0.313596
8  2  24  0.00144  -0.352208
8  2  25  0.001479  -0.356799
8  2  26  0.001448  -0.588203
8  2  27  0.001476  -0.550195
8  2  28  0.001439  -0.541304
8  2  29  0.001479  -0.385733
8  2  30  0.001432  -0.431151
8  2  31  0.001473  -0.615269
9  0  0  0.000881  -1.35915
9  0  1  0.001012  -1.38761
9  0  2  0.000872  -1.26264
9  0  3  0.000809  -1.09427
9  0  4  0.000844  -1.16192
9  0  5  0.000891  -1.27627
9  0  6  0.000843  -1.2727
9  0  7  0.000811  -1.19238
9  0  8  0.000871  -1.29613
9  0  9  0.000853  -1.23175
9  0  10  0.000885  -1.19725
9  0  11  0.000861  -1.18633
9  0  12  0.000845  -1.24722
9  0  13  0.00071  -1.1451
9  0  14  0.000866  -1.18904
9  0  15  0.000582  -0.895724
9  0  16  0.000852  -1.30553
9  0  17  0.000819  -1.19906
9  0  18  0.000874  -1.33084
9  0  19  0.000888  -1.40751
9  0  20  0.000855  -1.31438
9  0  21  0.000846  -1.23298
9  0  22  0.000849  -1.27348
9  0  23  0.000869  -1.36481
9  0  24  0.000898  -1.30306
9  0  25  0.000872  -1.28051
9  0  26  0.000894  -1.349
9  0  27  0.000883  -1.39148
9  0  28  0.000896  -1.36057
9  0  29  0.000836  -1.28119
9  0  30  0.000857  -1.22562
9  0  31  0.000851  -1.2672
9  1  0  0.003348  -6.09128
9  1  1  0.001524  -0.034618
9  1  2  0.001536  -0.048843
9  1  3  0.00153  -0.030978
9  1  4  0.001535  -0.128213
9  1  5  0.00153  0.146344
9  1  6  0.001551  -0.103317
9  1  7  0.001531  -0.025932
9  1  8  0.001544  -0.137492
9  1  9  0.001529  0.236357
9  1  10  0.001538  0.082319
9  1  11  0.00153  0.174325
9  1  12  0.001536  -0.060043
9  1  13  0.001536  0.01109
9  1  14  0.001552  -0.049381
9  1  15  0.001537  -0.039219
9  1  16  0.001543  -0.034016
9  1  17  0.001529  0.134694
9  1  18  0.001534  0.04934
9  1  19  0.001533  -0.036778
9  1  20  0.001524  -0.256255
9  1  21  0.00153  -0.002013
9  1  22  0.001531  -0.056098
9  1  23  0.001532  0.03104
9  1  24  0.001532  -0.093792
9  1  25  0.00153  -0.037226
9  1  26  0.001528  -0.031134
9  1  27  0.00152  -0.073292
9  1  28  0.001529  -0.09967
9  1  29  0.001518  0.159103
9  1  30  0.001521  -0.060248
9  1  31  0.001516  -0.080073
9  2  0  0.001494  -0.079744
9  2  1  0.001516  -0.309104
9  2  2  0.001514  -0.290807
9  2  3  0.001597  -0.249272
9  2  4  0.001514  -0.119259
9  2  5  0.001827  -0.414384
9  2  6  0.003487  -7.59269
9  2  7  0.001588  -0.378557
9  2  8  0.00151  -0.143156
9  2  9  0.001525  -0.298779
9  2  10  0.0015  -0.206841
9  2  11  0.001521  -0.22406
9  2  12  0.001513  0.014096
9  2  13  0.00153  -0.163
9  2  14  0.001513  -0.242394
9  2  15  0.001496  -0.398796
9  2  16  0.001513  -0.022436
9  2  17  0.001495  -0.342621
9  2  18  0.00151  -0.101316
9  2  19  0.001516  -0.353288
9  2  20  0.001515  -0.038416
9  2  21  0.001512  -0.193451
9  2  22  0.001524  -0.123689
9  2  23  0.001483  -0.118688
9  2  24  0.001508  -0.126618
9  2  25  0.001476  -0.124186
9  2  26  0.001503  -0.130052
9  2  27  0.001499  -0.321633
9  2  28  0.001507  -0.259267
9  2  29  0.001495  -0.23714
9  2  30  0.001516  -0.178889
9  2  31  0.001502  -0.375895
10  0  0  0.000884  -1.1412
10  0  1  0.000892  -1.25849
10  0  2  0.000805  -1.21596
10  0  3  0.000873  -1.26965
10  0  4  0.000845  -1.22277
10  0  5  0.000869  -1.2434
10  0  6  0.000873  -1.37878
10  0  7  0.000883  -1.29874
10  0  8  0.000866  -1.28174
10  0  9  0.000819  -1.19059
10  0  10  0.00086  -1.23275
10  0  11  0.000871  -1.24214
10  0  12  0.000798  -1.20853
10  0  13  0.000896  -1.36814
10  0  14  0.000717  -0.990378
10  0  15  0.000898  -1.44024
10  0  16  0.000867  -1.24816
10  0  17  0.000840  -1.17860
10  0  18  0.000867  -1.22318
10  0  19  0.000882  -1.27345
10  0  20  0.000873  -1.25249
10  0  21  0.000872  -1.25314
10  0  22  0.000874  -1.26678
10  0  23  0.000888  -1.35249
10  0  24  0.000999  -1.54379
10  0  25  0.000835  -1.22369
10  0  26  0.000875  -1.18101
10  0  27  0.000845  -1.22645
10  0  28  0.000897  -1.28307
10  0  29  0.000836  -1.17418
10  0  30  0.000856  -1.16648
10  0  31  0.000853  -1.22952
10  1  0  0.001459  -0.298676
10  1  1  0.001436  0.125269
10  1  2  0.001458  -0.264734
10  1  3  0.001446  0.195418
10  1  4  0.001457  -0.05533
10  1  5  0.001446  -0.004347
10  1  6  0.001462  -0.250738
10  1  7  0.001447  0.057969
10  1  8  0.001471  -0.313282
10  1  9  0.001449  0.105139
10  1  10  0.001472  -0.222594
10  1  11  0.001448  0.011149
10  1  12  0.001465  -0.257967
10  1  13  0.001451  0.131515
10  1  14  0.001464  -0.26798
10  1  15  0.001449  0.098724
10  1  16  0.001458  -0.390395
10  1  17  0.001454  0.071422
10  1  18  0.001455  -0.145006
10  1  19  0.001436  -0.023222
10  1  20  0.001451  -0.146038
10  1  21  0.00145  0.008911
10  1  22  0.001459  -0.241766
10  1  23  0.00144  -0.07517
10  1  24  0.001459  -0.031637
10  1  25  0.001441  0.14391
10  1  26  0.001454  -0.244343
10  1  27  0.001439  0.150683
10  1  28  0.001462  -0.07494
10  1  29  0.001449  0.229998
10  1  30  0.001451  -0.373789
10  1  31  0.001447  0.223947
10  2  0  0.001411  -0.128211
10  2  1  0.001427  -0.548073
10  2  2  0.00141  -0.105013
10  2  3  0.001423  -0.520248
10  2  4  0.001407  -0.110233
10  2  5  0.00142  -0.47839
10  2  6  0.001401  -0.049369
10  2  7  0.001417  -0.610889
10  2  8  0.001418  -0.174065
10  2  9  0.001428  -0.486588
10  2  10  0.001408  -0.203829
10  2  11  0.001417  -0.558288
10  2  12  0.001413  -0.384301
10  2  13  0.001424  -0.566156
10  2  14  0.001409  -0.089088
10  2  15  0.001422  -0.596124
10  2  16  0.00141  -0.295536
10  2  17  0.001416  -0.481952
10  2  18  0.001408  -0.103432
10  2  19  0.001418  -0.619586
10  2  20  0.001415  -0.12982
10  2  21  0.001411  -0.529406
10  2  22  0.00141  -0.206147
10  2  23  0.001413  -0.595966
10  2  24  0.001404  -0.200724
10  2  25  0.001407  -0.591251
10  2  26  0.00141  0.022688
10  2  27  0.001417  -0.660012
10  2  28  0.001406  -0.323409
10  2  29  0.00142  -0.461139
10  2  30  0.001412  -0.277641
10  2  31  0.001427  -0.505375
11  0  0  0.000785  -1.41565
11  0  1  0.000834  -1.35482
11  0  2  0.000848  -1.23823
11  0  3  0.000815  -1.31061
11  0  4  0.000795  -1.3586
11  0  5  0.000808  -1.33638
11  0  6  0.000877  -1.44279
11  0  7  0.000861  -1.44589
11  0  8  0.000851  -1.4601
11  0  9  0.00084  -1.43996
11  0  10  0.000862  -1.30367
11  0  11  0.000859  -1.3921
11  0  12  0.000832  -1.23773
11  0  13  0.000854  -1.49105
11  0  14  0.000873  -1.49509
11  0  15  0.000869  -1.34097
11  0  16  0.000775  -1.23647
11  0  17  0.000815  -1.20003
11  0  18  0.000817  -1.31404
11  0  19  0.00085  -1.34498
11  0  20  0.000816  -1.3059
11  0  21  0.000855  -1.27741
11  0  22  0.000852  -1.31575
11  0  23  0.000862  -1.24934
11  0  24  0.000822  -1.23549
11  0  25  0.00085  -1.28752
11  0  26  0.000786  -1.29556
11  0  27  1  0
11  0  28  0.00084  -1.25799
11  0  29  0.00084  -1.24461
11  0  30  0.000852  -1.39204
11  0  31  0.000863  -1.40008
11  1  0  0.00142  0.125696
11  1  1  0.00145  -0.279933
11  1  2  0.001425  -0.021934
11  1  3  0.001467  -0.239004
11  1  4  0.001438  0.040656
11  1  5  0.001459  -0.103131
11  1  6  0.001437  0.005462
11  1  7  0.001452  -0.208462
11  1  8  0.001429  -0.148329
11  1  9  0.001464  -0.092848
11  1  10  0.001449  -0.067852
11  1  11  0.001462  -0.183451
11  1  12  0.001442  -0.142329
11  1  13  0.001462  -0.116912
11  1  14  0.001431  0.028544
11  1  15  0.001456  -0.191807
11  1  16  0.001441  -0.038472
11  1  17  0.001457  -0.299934
11  1  18  0.001438  -0.155922
11  1  19  0.001469  -0.258607
11  1  20  0.001425  -0.076232
11  1  21  0.001458  -0.333151
11  1  22  0.001432  0.031547
11  1  23  0.001458  -0.231901
11  1  24  0.001432  -0.106007
11  1  25  0.001452  -0.101503
11  1  26  0.001442  -0.123744
11  1  27  0.001459  -0.115972
11  1  28  0.00143  0.07521
11  1  29  0.001449  -0.291981
11  1  30  0.001428  -0.226167
11  1  31  0.001366  0.259012
11  2  0  0.001419  -0.19905
11  2  1  0.001409  -0.312085
11  2  2  0.003248  -7.38781
11  2  3  0.001419  -0.425712
11  2  4  0.001418  -0.245956
11  2  5  0.001407  -0.306839
11  2  6  0.001422  -0.24702
11  2  7  0.001405  -0.322527
11  2  8  0.00143  -0.171794
11  2  9  0.001402  -0.447102
11  2  10  0.001433  0.006486
11  2  11  0.0014  -0.274816
11  2  12  0.001422  -0.343415
11  2  13  0.001404  -0.334057
11  2  14  0.001433  -0.1795
11  2  15  0.001408  -0.268788
11  2  16  0.001427  -0.126036
11  2  17  0.001409  -0.359175
11  2  18  0.001417  -0.061437
11  2  19  0.001411  -0.322471
11  2  20  0.001421  -0.351829
11  2  21  0.001404  -0.293057
11  2  22  0.001419  -0.183944
11  2  23  0.001383  -0.155359
11  2  24  0.00141  -0.177823
11  2  25  0.001386  -0.174896
11  2  26  0.001413  -0.185773
11  2  27  0.001399  -0.28296
11  2  28  0.001425  -0.292511
11  2  29  0.001401  -0.19032
11  2  30  0.001412  -0.118435
11  2  31  0.001399  -0.219785
12  0  0  0.000923  -1.25551
12  0  1  0.000938  -1.36288
12  0  2  0.000892  -1.2597
12  0  3  0.000885  -1.13564
12  0  4  0.000855  -1.17696
12  0  5  0.00088  -1.23249
12  0  6  0.000882  -1.29193
12  0  7  0.000879  -1.15605
12  0  8  0.000907  -1.13542
12  0  9  0.000869  -1.2286
12  0  10  0.000871  -1.19833
12  0  11  0.00091  -1.20123
12  0  12  0.000879  -1.26002
12  0  13  0.000903  -1.30409
12  0  14  0.000879  -1.14957
12  0  15  0.000874  -1.19321
12  0  16  0.000883  -1.43481
12  0  17  0.000892  -1.489
12  0  18  0.000863  -1.39762
12  0  19  0.000877  -1.36802
12  0  20  0.000882  -1.38444
12  0  21  0.000883  -1.40971
12  0  22  0.000865  -1.36332
12  0  23  0.000866  -1.34783
12  0  24  0.000885  -1.33453
12  0  25  0.000882  -1.34543
12  0  26  0.000875  -1.29733
12  0  27  0.000878  -1.3781
12  0  28  0.000893  -1.3239
12  0  29  0.000858  -1.36982
12  0  30  0.000883  -1.35778
12  0  31  0.000885  -1.44936
12  1  0  0.001447  0.23497
12  1  1  0.001435  0.030795
12  1  2  0.001447  -0.123624
12  1  3  0.001436  0.000193
12  1  4  0.001446  0.066227
12  1  5  0.001435  -0.000284
12  1  6  0.001446  0.01004
12  1  7  0.001437  0.117605
12  1  8  0.001445  0.087213
12  1  9  0.001439  -0.00762
12  1  10  0.001445  0.204409
12  1  11  0.001437  0.057778
12  1  12  0.001456  0.006434
12  1  13  0.001429  0.070433
12  1  14  0.001451  0.05386
12  1  15  0.001436  -0.04264
12  1  16  0.001443  0.039905
12  1  17  0.001441  0.047725
12  1  18  0.001434  0.056009
12  1  19  0.001435  0.088804
12  1  20  0.001446  -0.095281
12  1  21  0.001431  0.014789
12  1  22  0.00144  0.063969
12  1  23  0.001427  0.015796
12  1  24  0.001446  0.050643
12  1  25  0.001437  0.019335
12  1  26  0.001436  0.098831
12  1  27  0.001424  0.05724
12  1  28  0.001433  0.198433
12  1  29  0.001427  0.122357
12  1  30  0.001433  0.091633
12  1  31  0.001429  -0.077813
12  2  0  1  0
12  2  1  0.001446  -0.755225
12  2  2  0.00146  -0.251253
12  2  3  1  0
12  2  4  0.001459  -0.405569
12  2  5  0.001455  -0.631784
12  2  6  0.001468  -0.216091
12  2  7  0.001464  -0.692233
12  2  8  0.001489  -0.369034
12  2  9  0.001464  -0.799557
12  2  10  0.001502  -0.222215
12  2  11  0.00149  -0.841385
12  2  12  0.001511  -0.37832
12  2  13  1  0
12  2  14  0.0015  -0.512884
12  2  15  0.00147  -0.755174
12  2  16  0.001476  -0.354657
12  2  17  0.001485  -0.950502
12  2  18  0.001503  -0.422848
12  2  19  0.003661  -9.32879
12  2  20  0.001492  -0.320421
12  2  21  0.001479  -0.75915
12  2  22  0.001482  -0.351132
12  2  23  0.00146  -0.952888
12  2  24  0.001476  -0.399036
12  2  25  0.001459  -0.549425
12  2  26  0.001465  -0.013277
12  2  27  0.001458  -0.711634
12  2  28  0.001491  -0.220913
12  2  29  0.00147  -0.699522
12  2  30  0.001482  -0.515471
12  2  31  0.001485  -0.859785
13  0  31  0.000889  -1.42614
13  0  30  0.000868  -1.31066
13  0  29  0.000901  -1.36585
13  0  28  0.000845  -1.27765
13  0  27  0.000784  -1.12891
13  0  26  0.000859  -1.28278
13  0  25  0.000851  -1.34125
13  0  24  0.000829  -1.28585
13  0  23  0.000834  -1.27907
13  0  22  0.000834  -1.1858
13  0  21  0.000868  -1.27379
13  0  20  0.000872  -1.30528
13  0  19  0.000837  -1.3624
13  0  18  0.000851  -1.28178
13  0  17  0.000876  -1.41804
13  0  16  0.000865  -1.31418
13  0  15  0.000876  -1.4848
13  0  14  0.000889  -1.53798
13  0  13  0.000854  -1.41027
13  0  12  0.000852  -1.35413
13  0  11  0.000857  -1.35835
13  0  10  0.000841  -1.3362
13  0  9  0.000829  -1.3371
13  0  8  0.000879  -1.43769
13  0  7  0.000863  -1.41655
13  0  6  0.000852  -1.32201
13  0  5  0.000882  -1.41086
13  0  4  0.000828  -1.3968
13  0  3  0.000871  -1.373
13  0  2  0.000843  -1.30843
13  0  1  0.000833  -1.34848
13  0  0  0.000791  -1.30241
13  1  0  0.001414  0.029031
13  1  1  0.001445  -0.062215
13  1  2  0.00143  0.026861
13  1  3  0.001441  -0.246006
13  1  4  0.00143  -0.026701
13  1  5  0.001433  -0.21417
13  1  6  0.001432  0.24676
13  1  7  0.001446  -0.217498
13  1  8  0.001441  -0.026279
13  1  9  0.001435  -0.098062
13  1  10  0.00144  0.115443
13  1  11  0.001436  -0.026981
13  1  12  0.001453  -0.02977
13  1  13  0.001439  0.006655
13  1  14  0.001434  0.181176
13  1  15  0.001441  0.038235
13  1  16  0.001432  0.20825
13  1  17  0.00143  -0.086089
13  1  18  0.001445  -0.027579
13  1  19  0.001438  -0.169071
13  1  20  0.001429  0.13379
13  1  21  0.001432  -0.006076
13  1  22  0.001436  0.094758
13  1  23  0.001428  -0.004013
13  1  24  0.001427  0.085275
13  1  25  0.001421  0.064273
13  1  26  0.001438  -0.019
13  1  27  0.00143  -0.141807
13  1  28  0.001435  0.122925
13  1  29  0.001423  -0.10608
13  1  30  0.00144  0.010719
13  1  31  0.001423  0.020922
13  2  0  0.001443  -0.490772
13  2  1  0.001493  -0.295351
13  2  2  0.001465  -0.499305
13  2  3  0.005062  -13.573
13  2  4  0.00146  -0.419219
13  2  5  0.001486  -0.148145
13  2  6  0.00147  -0.387104
13  2  7  0.001482  -0.049446
13  2  8  0.001469  -0.458452
13  2  9  0.001484  -0.215201
13  2  10  0.001474  -0.579114
13  2  11  0.001484  -0.376168
13  2  12  0.00147  -0.468565
13  2  13  0.001489  -0.169887
13  2  14  0.001466  -0.649385
13  2  15  0.001489  -0.194246
13  2  16  0.001456  -0.685451
13  2  17  0.001496  -0.220695
13  2  18  0.001451  -0.456532
13  2  19  0.001496  -0.219539
13  2  20  0.001447  -0.419421
13  2  21  0.001495  -0.22607
13  2  22  0.001453  -0.409294
13  2  23  0.001481  -0.131636
13  2  24  0.001462  -0.794629
13  2  25  0.001492  -0.26308
13  2  26  0.001456  -0.488497
13  2  27  0.00149  -0.301162
13  2  28  0.001458  -0.762634
13  2  29  0.001484  -0.30006
13  2  30  0.001442  -0.472444
13  2  31  1  0
