#Tele  #Face  #Strip  #slope  #offset
0  0  0  0.000838  -1.19395
0  0  1  0.000763  -1.09259
0  0  2  0.000831  -1.20895
0  0  3  0.000752  -1.11104
0  0  4  0.00084  -1.2087
0  0  5  0.000826  -1.09258
0  0  6  0.000806  -1.16216
0  0  7  0.000854  -1.26675
0  0  8  0.000799  -1.14276
0  0  9  0.000826  -1.14327
0  0  10  0.000824  -1.14947
0  0  11  0.000843  -1.23365
0  0  12  0.000865  -1.2994
0  0  13  0.000845  -1.18042
0  0  14  0.000841  -1.2463
0  0  15  0.000842  -1.17345
0  0  16  0.00078  -1.15973
0  0  17  0.00082  -1.10444
0  0  18  0.000848  -1.22026
0  0  19  0.001836  -8.87026
0  0  20  0.002312  -12.6064
0  0  21  0.000893  -1.3643
0  0  22  0.000772  -1.14419
0  0  23  0.000773  -1.09948
0  0  24  0.000846  -1.17695
0  0  25  0.000823  -1.21694
0  0  26  0.00087  -1.13912
0  0  27  0.00086  -1.16051
0  0  28  0.000849  -1.15875
0  0  29  0.000853  -1.23427
0  0  30  0.000859  -1.24334
0  0  31  0.000839  -1.28242
0  1  0  1  0
0  1  1  1  0
0  1  2  1  0
0  1  3  1  0
0  1  4  1  0
0  1  5  1  0
0  1  6  1  0
0  1  7  1  0
0  1  8  1  0
0  1  9  1  0
0  1  10  1  0
0  1  11  1  0
0  1  12  1  0
0  1  13  1  0
0  1  14  0.001455  -0.324455
0  1  15  0.001512  -0.384504
0  1  16  0.001457  -0.526681
0  1  17  0.001522  -0.450787
0  1  18  0.001473  -0.658246
0  1  19  0.001528  -0.644928
0  1  20  0.001476  -0.701919
0  1  21  1  0
0  1  22  0.001445  -0.516278
0  1  23  0.00146  0.013965
0  1  24  1  0
0  1  25  1  0
0  1  26  1  0
0  1  27  1  0
0  1  28  1  0
0  1  29  1  0
0  1  30  1  0
0  1  31  1  0
0  2  0  1  0
0  2  1  1  0
0  2  2  1  0
0  2  3  1  0
0  2  4  1  0
0  2  5  1  0
0  2  6  1  0
0  2  7  1  0
0  2  8  1  0
0  2  9  1  0
0  2  10  1  0
0  2  11  1  0
0  2  12  1  0
0  2  13  1  0
0  2  14  1  0
0  2  15  1  0
0  2  16  1  0
0  2  17  1  0
0  2  18  1  0
0  2  19  1  0
0  2  20  1  0
0  2  21  1  0
0  2  22  1  0
0  2  23  1  0
0  2  24  1  0
0  2  25  1  0
0  2  26  1  0
0  2  27  1  0
0  2  28  1  0
0  2  29  1  0
0  2  30  1  0
0  2  31  1  0
1  0  0  0.000875  -1.11691
1  0  1  0.000874  -1.12492
1  0  2  0.000838  -1.07496
1  0  3  0.000889  -0.964503
1  0  4  0.000846  -0.952543
1  0  5  0.000859  -1.04967
1  0  6  0.00087  -1.08521
1  0  7  0.000885  -1.05101
1  0  8  0.000886  -1.10618
1  0  9  0.000875  -1.04077
1  0  10  0.000864  -1.06776
1  0  11  0.000766  -1.0201
1  0  12  0.00081  -0.944673
1  0  13  0.000817  -0.980609
1  0  14  0.000844  -1.01792
1  0  15  0.000905  -1.07831
1  0  16  0.000871  -1.25035
1  0  17  0.000893  -1.32657
1  0  18  0.000871  -1.26789
1  0  19  0.000864  -1.17477
1  0  20  0.000828  -1.27393
1  0  21  0.000853  -1.2587
1  0  22  0.000843  -1.28098
1  0  23  0.000877  -1.29629
1  0  24  0.000862  -1.29471
1  0  25  0.00086  -1.1687
1  0  26  0.000919  -1.33113
1  0  27  0.000803  -1.13905
1  0  28  0.000811  -1.13142
1  0  29  0.000752  -1.05792
1  0  30  0.000895  -1.21795
1  0  31  0.000863  -1.26273
1  1  0  1  0
1  1  1  1  0
1  1  2  1  0
1  1  3  1  0
1  1  4  1  0
1  1  5  1  0
1  1  6  1  0
1  1  7  1  0
1  1  8  1  0
1  1  9  1  0
1  1  10  1  0
1  1  11  1  0
1  1  12  1  0
1  1  13  0.001486  -0.441774
1  1  14  0.001462  -0.335838
1  1  15  0.001499  -0.485338
1  1  16  0.001483  -0.499207
1  1  17  0.001512  -0.686924
1  1  18  0.001489  -0.64023
1  1  19  0.001515  -0.374172
1  1  20  0.001473  -0.434314
1  1  21  0.001499  -0.287479
1  1  22  0.001461  -0.403612
1  1  23  0.001496  -0.531209
1  1  24  1  0
1  1  25  1  0
1  1  26  1  0
1  1  27  1  0
1  1  28  1  0
1  1  29  1  0
1  1  30  1  0
1  1  31  1  0
1  2  0  1  0
1  2  1  1  0
1  2  2  1  0
1  2  3  1  0
1  2  4  1  0
1  2  5  1  0
1  2  6  1  0
1  2  7  1  0
1  2  8  1  0
1  2  9  1  0
1  2  10  1  0
1  2  11  1  0
1  2  12  1  0
1  2  13  0.001499  -0.641375
1  2  14  0.001499  -0.497327
1  2  15  0.001502  -0.823821
1  2  16  0.001512  -0.674824
1  2  17  0.001502  -0.769742
1  2  18  0.001505  -0.567621
1  2  19  0.001492  -0.720161
1  2  20  0.001496  -0.537191
1  2  21  0.001476  -0.406642
1  2  22  0.001502  -0.379175
1  2  23  0.001472  -0.318215
1  2  24  1  0
1  2  25  1  0
1  2  26  1  0
1  2  27  1  0
1  2  28  1  0
1  2  29  1  0
1  2  30  1  0
1  2  31  1  0
2  0  0  0.00086  -1.19722
2  0  1  0.000825  -1.21098
2  0  2  0.00085  -1.23569
2  0  3  0.000822  -1.22163
2  0  4  0.000863  -1.24069
2  0  5  0.000885  -1.37952
2  0  6  0.000851  -1.25615
2  0  7  0.000839  -1.23001
2  0  8  0.000973  -1.36746
2  0  9  0.000923  -1.37619
2  0  10  0.001034  -1.57309
2  0  11  0.000992  -1.45386
2  0  12  0.000955  -1.36759
2  0  13  0.000968  -1.32302
2  0  14  0.000983  -1.45527
2  0  15  0.000962  -1.29944
2  0  16  0.000845  -1.36956
2  0  17  0.000865  -1.32794
2  0  18  0.000847  -1.35612
2  0  19  0.000826  -1.30881
2  0  20  0.000857  -1.43408
2  0  21  0.000797  -1.2223
2  0  22  0.000828  -1.34848
2  0  23  0.000841  -1.38475
2  0  24  1  0
2  0  25  0.000931  -1.54059
2  0  26  0.00095  -1.46985
2  0  27  0.002509  -13.5043
2  0  28  0.000966  -1.46896
2  0  29  0.000982  -1.46282
2  0  30  0.000976  -1.51997
2  0  31  0.000982  -1.39668
2  1  0  1  0
2  1  1  1  0
2  1  2  1  0
2  1  3  1  0
2  1  4  1  0
2  1  5  1  0
2  1  6  1  0
2  1  7  1  0
2  1  8  1  0
2  1  9  1  0
2  1  10  1  0
2  1  11  1  0
2  1  12  0.001522  -0.797832
2  1  13  0.001473  -0.893964
2  1  14  0.001522  -1.01702
2  1  15  0.001492  -0.726124
2  1  16  0.001522  -0.475142
2  1  17  0.001464  -0.663023
2  1  18  0.001499  -0.425387
2  1  19  1  0
2  1  20  0.001515  -0.531793
2  1  21  1  0
2  1  22  0.001486  -0.271402
2  1  23  1  0
2  1  24  1  0
2  1  25  1  0
2  1  26  1  0
2  1  27  1  0
2  1  28  1  0
2  1  29  1  0
2  1  30  1  0
2  1  31  1  0
2  2  0  1  0
2  2  1  1  0
2  2  2  1  0
2  2  3  1  0
2  2  4  1  0
2  2  5  1  0
2  2  6  1  0
2  2  7  1  0
2  2  8  1  0
2  2  9  1  0
2  2  10  1  0
2  2  11  1  0
2  2  12  1  0
2  2  13  1  0
2  2  14  0.001483  -0.76612
2  2  15  0.001492  -0.654488
2  2  16  0.001486  -0.917281
2  2  17  0.001496  -0.632913
2  2  18  0.00147  -0.76177
2  2  19  0.001484  -0.552742
2  2  20  1  0
2  2  21  0.001483  -0.291623
2  2  22  1  0
2  2  23  1  0
2  2  24  1  0
2  2  25  1  0
2  2  26  1  0
2  2  27  1  0
2  2  28  1  0
2  2  29  1  0
2  2  30  1  0
2  2  31  1  0
3  0  0  0.000871  -1.5334
3  0  1  0.000872  -1.51366
3  0  2  0.000886  -1.61332
3  0  3  0.000846  -1.50003
3  0  4  0.000861  -1.58923
3  0  5  0.000852  -1.51405
3  0  6  0.00084  -1.60123
3  0  7  0.00082  -1.4798
3  0  8  0.000877  -1.48139
3  0  9  0.000863  -1.51539
3  0  10  0.000858  -1.48596
3  0  11  0.000863  -1.54573
3  0  12  0.00083  -1.49041
3  0  13  0.000858  -1.6429
3  0  14  0.00083  -1.48054
3  0  15  0.000878  -1.38306
3  0  16  0.000869  -1.64519
3  0  17  0.000851  -1.61406
3  0  18  0.000817  -1.53954
3  0  19  0.000865  -1.65904
3  0  20  0.000792  -1.22918
3  0  21  0.000862  -1.53994
3  0  22  0.000854  -1.54513
3  0  23  0.00083  -1.60269
3  0  24  0.000813  -1.53384
3  0  25  0.00086  -1.56286
3  0  26  0.000878  -1.64599
3  0  27  0.000785  -1.44318
3  0  28  0.000856  -1.47967
3  0  29  0.000827  -1.63465
3  0  30  0.000875  -1.61929
3  0  31  0.000866  -1.57168
3  1  0  1  0
3  1  1  1  0
3  1  2  1  0
3  1  3  1  0
3  1  4  1  0
3  1  5  1  0
3  1  6  1  0
3  1  7  1  0
3  1  8  1  0
3  1  9  1  0
3  1  10  1  0
3  1  11  1  0
3  1  12  0.00156  -0.44153
3  1  13  0.001505  -0.3689
3  1  14  0.001557  -0.364849
3  1  15  0.001509  -0.491351
3  1  16  0.00155  -0.317883
3  1  17  0.001488  -0.236303
3  1  18  1  0
3  1  19  1  0
3  1  20  0.001541  -0.246268
3  1  21  1  0
3  1  22  1  0
3  1  23  1  0
3  1  24  1  0
3  1  25  1  0
3  1  26  1  0
3  1  27  1  0
3  1  28  1  0
3  1  29  1  0
3  1  30  1  0
3  1  31  1  0
3  2  0  1  0
3  2  1  1  0
3  2  2  1  0
3  2  3  1  0
3  2  4  1  0
3  2  5  1  0
3  2  6  1  0
3  2  7  1  0
3  2  8  1  0
3  2  9  1  0
3  2  10  1  0
3  2  11  1  0
3  2  12  1  0
3  2  13  1  0
3  2  14  0.001515  -0.778381
3  2  15  0.001515  -1.1137
3  2  16  0.001532  -0.750866
3  2  17  0.0015  -1.04317
3  2  18  0.001505  -0.670148
3  2  19  1  0
3  2  20  1  0
3  2  21  1  0
3  2  22  1  0
3  2  23  1  0
3  2  24  1  0
3  2  25  1  0
3  2  26  1  0
3  2  27  1  0
3  2  28  1  0
3  2  29  1  0
3  2  30  1  0
3  2  31  1  0
4  0  0  0.000868  -1.28574
4  0  1  0.000819  -1.0487
4  0  2  0.000842  -1.17102
4  0  3  0.000858  -1.21713
4  0  4  0.000832  -1.21693
4  0  5  0.000827  -1.19308
4  0  6  0.000858  -1.18338
4  0  7  0.000853  -1.20253
4  0  8  0.000852  -1.2882
4  0  9  0.000835  -1.2593
4  0  10  0.000849  -1.30512
4  0  11  0.000857  -1.10221
4  0  12  0.000838  -1.22221
4  0  13  0.000874  -1.27851
4  0  14  0.00086  -1.17076
4  0  15  0.000847  -1.14291
4  0  16  0.00086  -1.31566
4  0  17  0.000856  -1.2344
4  0  18  0.000825  -1.20097
4  0  19  0.000843  -1.16502
4  0  20  0.000833  -1.19683
4  0  21  0.000812  -1.27732
4  0  22  0.000838  -1.13552
4  0  23  0.000827  -1.1554
4  0  24  0.000856  -1.23431
4  0  25  0.000864  -1.24744
4  0  26  0.000893  -1.31389
4  0  27  0.000602  -0.883128
4  0  28  0.00087  -1.21214
4  0  29  0.000859  -1.2684
4  0  30  0.000841  -1.23819
4  0  31  0.000749  -1.01713
4  1  0  0.003616  -8.14367
4  1  1  0.001453  0.162858
4  1  2  0.001471  0.104811
4  1  3  0.001446  -0.08302
4  1  4  0.001476  0.015061
4  1  5  0.001449  0.024396
4  1  6  0.001473  -0.075775
4  1  7  0.001457  -0.091208
4  1  8  0.001476  -0.098203
4  1  9  0.001456  -0.152839
4  1  10  0.001474  -0.163531
4  1  11  0.001458  0.212757
4  1  12  0.001472  -0.028735
4  1  13  0.001454  0.026487
4  1  14  0.001478  -0.00383
4  1  15  0.001452  -0.047429
4  1  16  0.001471  -0.021813
4  1  17  0.001448  -0.042886
4  1  18  0.001473  -0.045314
4  1  19  0.001453  -0.141677
4  1  20  0.001473  -0.074482
4  1  21  0.001461  -0.01416
4  1  22  0.001464  0.0447
4  1  23  0.00145  -0.136252
4  1  24  0.001463  -0.044372
4  1  25  0.001458  0.158935
4  1  26  0.001467  -0.052814
4  1  27  0.001468  0.105307
4  1  28  0.001461  -0.061126
4  1  29  0.001471  -0.152426
4  1  30  0.001464  -0.066309
4  1  31  0.00145  0.096259
4  2  0  0.001416  -0.479916
4  2  1  0.001421  -0.210215
4  2  2  0.001423  -0.375925
4  2  3  0.001416  -0.313996
4  2  4  0.001421  -0.331616
4  2  5  0.001418  -0.29896
4  2  6  0.001431  -0.352958
4  2  7  0.001428  -0.214382
4  2  8  0.001434  -0.275879
4  2  9  0.001437  -0.20916
4  2  10  0.001426  -0.302497
4  2  11  0.001437  -0.328053
4  2  12  0.001437  -0.319817
4  2  13  0.001441  -0.258608
4  2  14  0.001429  -0.167085
4  2  15  0.001428  -0.314465
4  2  16  0.001439  -0.220597
4  2  17  0.00143  -0.310199
4  2  18  0.001431  -0.207755
4  2  19  0.001429  -0.105706
4  2  20  0.001423  -0.155527
4  2  21  0.001434  -0.321358
4  2  22  0.001439  -0.355627
4  2  23  1  0
4  2  24  0.001439  -0.092316
4  2  25  0.00143  -0.190074
4  2  26  0.001433  -0.375372
4  2  27  0.001434  -0.151782
4  2  28  0.001436  -0.419795
4  2  29  0.001429  -0.171413
4  2  30  0.00142  -0.306623
4  2  31  1  0
5  0  0  0.000844  -1.24937
5  0  1  0.000845  -1.20807
5  0  2  0.000831  -1.14922
5  0  3  0.000838  -1.22254
5  0  4  0.000844  -1.22473
5  0  5  0.000823  -1.17444
5  0  6  0.00085  -1.19281
5  0  7  0.000881  -1.3299
5  0  8  0.000859  -1.20598
5  0  9  0.00084  -1.23413
5  0  10  0.000848  -1.12716
5  0  11  0.000826  -0.94849
5  0  12  0.000849  -1.24538
5  0  13  0.000869  -1.3169
5  0  14  0.000836  -1.27987
5  0  15  0.000849  -1.28799
5  0  16  0.000813  -1.04443
5  0  17  0.000813  -1.16355
5  0  18  0.000853  -1.26696
5  0  19  0.000845  -1.06664
5  0  20  0.000856  -1.19472
5  0  21  0.000826  -1.20862
5  0  22  0.000841  -1.16442
5  0  23  0.000862  -1.22219
5  0  24  0.000865  -1.28457
5  0  25  0.000863  -1.24955
5  0  26  0.000877  -1.22515
5  0  27  0.000851  -1.19646
5  0  28  0.000858  -1.10993
5  0  29  0.000848  -1.14843
5  0  30  0.000812  -1.12824
5  0  31  0.000816  -1.15162
5  1  0  0.001466  -0.134187
5  1  1  0.001437  0.065387
5  1  2  0.001463  -0.00877
5  1  3  0.001441  0.126171
5  1  4  0.001457  -0.036976
5  1  5  0.001442  -0.09046
5  1  6  0.001462  -0.16112
5  1  7  0.001436  0.207488
5  1  8  0.001464  -0.141818
5  1  9  0.001436  0.156845
5  1  10  0.001458  -0.034195
5  1  11  0.001441  0.03216
5  1  12  0.001459  -0.044512
5  1  13  0.001444  0.076687
5  1  14  0.001454  -0.013938
5  1  15  0.001448  0.036914
5  1  16  0.001464  -0.035569
5  1  17  0.00144  0.074948
5  1  18  0.001465  -0.222299
5  1  19  0.00144  0.138745
5  1  20  0.001465  0.043479
5  1  21  0.001439  -0.007897
5  1  22  0.001465  0.000628
5  1  23  0.001438  0.095144
5  1  24  0.001468  0.020083
5  1  25  0.001441  -0.106877
5  1  26  0.001458  -0.04487
5  1  27  0.001427  -0.009079
5  1  28  0.001458  -0.049985
5  1  29  0.001431  0.091545
5  1  30  0.001465  0.042894
5  1  31  0.001442  -0.029724
5  2  0  0.001443  0.083836
5  2  1  0.001481  -0.208644
5  2  2  0.00146  0.030233
5  2  3  0.001476  0.109659
5  2  4  0.001457  -0.002954
5  2  5  0.001475  -0.109539
5  2  6  0.001452  0.061294
5  2  7  0.001476  -0.204771
5  2  8  0.001457  0.090072
5  2  9  0.00147  0.135636
5  2  10  1  0
5  2  11  0.001467  -0.151249
5  2  12  0.001463  -0.024832
5  2  13  0.001482  -0.105129
5  2  14  0.001476  -0.05208
5  2  15  0.001471  0.109854
5  2  16  0.00147  0.030241
5  2  17  0.001477  -0.154696
5  2  18  1  0
5  2  19  0.001477  -0.241373
5  2  20  0.001459  -0.041415
5  2  21  0.001464  -0.10702
5  2  22  1  0
5  2  23  0.001467  -0.122796
5  2  24  0.00144  -0.217192
5  2  25  0.001465  -0.092286
5  2  26  0.001454  0.076492
5  2  27  0.00147  -0.10479
5  2  28  0.001456  0.01965
5  2  29  0.001469  -0.147289
5  2  30  0.001458  0.073243
5  2  31  0.001452  -0.253671
6  0  0  0.000859  -1.30635
6  0  1  0.000873  -1.28055
6  0  2  0.000837  -1.22394
6  0  3  0.000861  -1.3538
6  0  4  0.000882  -1.19809
6  0  5  0.000844  -1.22009
6  0  6  0.000825  -1.18149
6  0  7  0.000843  -1.25568
6  0  8  0.000855  -1.25483
6  0  9  0.000912  -1.37054
6  0  10  0.000891  -1.3119
6  0  11  0.000876  -1.33789
6  0  12  0.000891  -1.40565
6  0  13  0.000893  -1.23091
6  0  14  0.000857  -1.33825
6  0  15  0.000779  -1.18013
6  0  16  0.000877  -1.41151
6  0  17  0.000883  -1.31381
6  0  18  0.000903  -1.31628
6  0  19  0.000873  -1.28611
6  0  20  0.000864  -1.31125
6  0  21  0.000863  -1.23193
6  0  22  0.000851  -1.24569
6  0  23  0.000806  -1.20302
6  0  24  0.000835  -1.22197
6  0  25  0.000901  -1.37827
6  0  26  0.000872  -1.26166
6  0  27  0.000864  -1.28077
6  0  28  0.00083  -1.23909
6  0  29  0.000856  -1.25497
6  0  30  0.000878  -1.27199
6  0  31  0.000892  -1.25116
6  1  0  1  0
6  1  1  0.001432  0.249487
6  1  2  0.001453  0.119568
6  1  3  0.001448  0.22497
6  1  4  0.001464  0.10132
6  1  5  0.001455  0.153765
6  1  6  0.001449  0.184537
6  1  7  0.00145  0.089061
6  1  8  0.00145  0.196804
6  1  9  0.001454  0.203059
6  1  10  0.001461  0.078171
6  1  11  0.001446  0.173059
6  1  12  0.001449  -0.081325
6  1  13  0.001461  0.202637
6  1  14  0.00146  0.168742
6  1  15  0.001468  0.325125
6  1  16  0.001461  0.211093
6  1  17  0.001461  0.073384
6  1  18  0.001475  0.218883
6  1  19  0.00147  0.275322
6  1  20  0.001458  0.165181
6  1  21  0.001457  0.082196
6  1  22  0.001464  -0.016025
6  1  23  0.001474  0.229906
6  1  24  0.001457  0.158912
6  1  25  0.001465  0.18305
6  1  26  0.001452  0.247407
6  1  27  0.001457  0.018515
6  1  28  0.001454  0.164136
6  1  29  0.001461  0.13242
6  1  30  0.001452  0.204861
6  1  31  0.001466  0.200138
6  2  0  0.001446  -0.274952
6  2  1  0.001467  -0.636824
6  2  2  0.001481  -0.450394
6  2  3  0.001474  -0.474817
6  2  4  0.001487  -0.432809
6  2  5  0.001482  -0.539459
6  2  6  0.001487  -0.243874
6  2  7  0.001488  -0.576793
6  2  8  0.003393  -7.58116
6  2  9  0.001484  -0.820414
6  2  10  0.001483  -0.124141
6  2  11  0.0015  -0.851639
6  2  12  0.001485  -0.359001
6  2  13  0.00149  -0.653632
6  2  14  0.001496  -0.401052
6  2  15  0.00151  -0.663007
6  2  16  0.001505  -0.537467
6  2  17  0.001526  -0.800173
6  2  18  0.001491  -0.608905
6  2  19  0.001522  -0.416641
6  2  20  0.001492  -0.362491
6  2  21  0.00152  -0.550332
6  2  22  0.001484  -0.355159
6  2  23  0.001524  -0.760574
6  2  24  0.00149  -0.462859
6  2  25  0.001513  -0.818938
6  2  26  0.001495  -0.515051
6  2  27  0.001515  -0.595044
6  2  28  0.001475  -0.353118
6  2  29  0.001509  -0.800576
6  2  30  0.001488  -0.26163
6  2  31  0.001511  -0.747356
7  0  0  0.0009  -1.72066
7  0  1  0.000881  -1.66168
7  0  2  0.000879  -1.63258
7  0  3  0.000838  -1.54886
7  0  4  0.000904  -1.72052
7  0  5  0.000852  -1.63696
7  0  6  0.000898  -1.65105
7  0  7  0.000876  -1.64483
7  0  8  0.000842  -1.65659
7  0  9  0.000856  -1.63646
7  0  10  0.00079  -1.49301
7  0  11  0.000883  -1.64268
7  0  12  0.000847  -1.52224
7  0  13  0.000888  -1.80381
7  0  14  0.000917  -1.72309
7  0  15  0.000889  -1.72792
7  0  16  0.000873  -1.60413
7  0  17  0.000866  -1.60712
7  0  18  0.000876  -1.51652
7  0  19  0.000836  -1.57551
7  0  20  0.000797  -1.4779
7  0  21  0.000885  -1.62605
7  0  22  0.000895  -1.73249
7  0  23  0.000874  -1.60532
7  0  24  0.0008  -1.49762
7  0  25  0.000823  -1.54875
7  0  26  0.000861  -1.6506
7  0  27  0.000848  -1.61332
7  0  28  0.00086  -1.61803
7  0  29  0.000857  -1.62678
7  0  30  0.000837  -1.57536
7  0  31  0.000845  -1.5078
7  1  0  1  0
7  1  1  0.00155  -0.167159
7  1  2  0.006291  -20.6559
7  1  3  0.001495  -0.038824
7  1  4  1  0
7  1  5  0.001498  0.119056
7  1  6  0.001516  -1.05153
7  1  7  0.001498  -0.081853
7  1  8  0.003568  -9.674
7  1  9  0.001499  -0.110856
7  1  10  0.001496  -0.955687
7  1  11  0.001494  -0.090218
7  1  12  0.001519  -0.909452
7  1  13  0.001492  -0.03336
7  1  14  0.001533  -1.06749
7  1  15  0.0015  0.008117
7  1  16  0.00153  -1.26088
7  1  17  0.001505  -0.045894
7  1  18  0.001518  -1.10254
7  1  19  0.001503  -0.019036
7  1  20  0.001516  -1.05529
7  1  21  0.001485  -0.034943
7  1  22  0.001525  -1.14775
7  1  23  0.001492  0.232899
7  1  24  0.001506  -1.01586
7  1  25  0.001496  0.043864
7  1  26  0.001521  -1.19632
7  1  27  0.001493  -0.108041
7  1  28  0.001503  -0.985023
7  1  29  0.001489  -0.040439
7  1  30  0.001513  -1.11585
7  1  31  0.00149  0.075648
7  2  0  0.001562  -0.295198
7  2  1  0.001579  -0.187903
7  2  2  0.001545  -0.169498
7  2  3  0.001606  -0.390522
7  2  4  0.001531  -0.079324
7  2  5  0.001579  -0.305638
7  2  6  0.001534  -0.248787
7  2  7  0.001587  -0.292227
7  2  8  0.00154  -0.101556
7  2  9  0.001596  -0.17961
7  2  10  0.001542  -0.1259
7  2  11  0.001602  -0.298263
7  2  12  0.001545  -0.271859
7  2  13  0.001611  -0.495785
7  2  14  0.001548  -0.484533
7  2  15  0.001587  -0.44439
7  2  16  0.001548  -0.298978
7  2  17  0.00157  -0.484719
7  2  18  0.001542  -0.333255
7  2  19  0.00156  -0.331928
7  2  20  0.00155  -0.406062
7  2  21  0.001568  -0.267667
7  2  22  0.001546  -0.384474
7  2  23  0.001563  -0.325726
7  2  24  0.001541  -0.494404
7  2  25  0.001563  -0.244663
7  2  26  0.00154  -0.324715
7  2  27  0.001556  -0.344177
7  2  28  0.00154  -0.340712
7  2  29  0.001558  -0.417968
7  2  30  0.001546  -0.33064
7  2  31  0.001592  -0.329819
8  0  0  0.000876  -1.52174
8  0  1  0.000867  -1.50327
8  0  2  0.000858  -1.57325
8  0  3  0.000782  -1.46972
8  0  4  0.0009  -1.71206
8  0  5  0.000838  -1.46364
8  0  6  0.000881  -1.57493
8  0  7  0.000878  -1.54039
8  0  8  0.000797  -1.46741
8  0  9  0.00085  -1.45439
8  0  10  0.000881  -1.53091
8  0  11  0.000851  -1.52851
8  0  12  0.000905  -1.60396
8  0  13  0.000847  -1.59579
8  0  14  0.000852  -1.54073
8  0  15  0.001056  -2.00077
8  0  16  0.000908  -1.72596
8  0  17  0.000853  -1.57295
8  0  18  0.000896  -1.61292
8  0  19  0.00086  -1.6166
8  0  20  0.000847  -1.6302
8  0  21  0.000999  -1.87999
8  0  22  0.000904  -1.70531
8  0  23  0.000874  -1.71318
8  0  24  0.000815  -1.47562
8  0  25  0.000866  -1.61636
8  0  26  0.00087  -1.61843
8  0  27  0.000839  -1.60983
8  0  28  0.000842  -1.55601
8  0  29  0.000858  -1.6372
8  0  30  0.000878  -1.57078
8  0  31  0.001009  -1.89681
8  1  0  0.001452  -0.012451
8  1  1  0.001446  0.182739
8  1  2  0.001445  -0.012672
8  1  3  0.001453  -0.053769
8  1  4  0.001452  -0.026452
8  1  5  0.001448  0.09321
8  1  6  0.001461  -0.062541
8  1  7  0.00145  0.097596
8  1  8  0.001451  0.103842
8  1  9  0.001454  0.17806
8  1  10  0.001451  0.084724
8  1  11  0.001452  0.122587
8  1  12  0.001449  -0.010322
8  1  13  0.00145  0.142221
8  1  14  0.001449  -0.054283
8  1  15  0.00145  0.171994
8  1  16  0.001459  -0.126088
8  1  17  0.001448  -0.083421
8  1  18  0.001452  -0.090532
8  1  19  0.001447  -0.024309
8  1  20  0.001452  0.023269
8  1  21  0.001452  0.117591
8  1  22  0.001455  0.008383
8  1  23  0.001446  0.142343
8  1  24  0.001453  -0.056773
8  1  25  0.00145  0.086514
8  1  26  0.001452  -0.053571
8  1  27  0.001449  -0.126018
8  1  28  0.001456  0.046662
8  1  29  0.001455  0.144608
8  1  30  0.001452  0.093037
8  1  31  0.001449  0.092089
8  2  0  0.001436  -0.438493
8  2  1  0.001463  -0.418265
8  2  2  0.001437  -0.520284
8  2  3  0.001467  -0.452191
8  2  4  0.001414  -0.428801
8  2  5  0.001456  -0.493849
8  2  6  0.001425  -0.420122
8  2  7  0.00146  -0.324259
8  2  8  0.001445  -0.40423
8  2  9  0.001461  -0.504157
8  2  10  0.003265  -7.6888
8  2  11  0.001465  -0.419768
8  2  12  0.001428  -0.405596
8  2  13  0.001466  -0.314149
8  2  14  0.001454  -0.542097
8  2  15  0.001466  -0.125635
8  2  16  0.001432  -0.414116
8  2  17  0.001463  -0.17818
8  2  18  0.001431  -0.363926
8  2  19  0.001474  -0.444859
8  2  20  0.001423  -0.573004
8  2  21  0.001475  -0.38545
8  2  22  0.001435  -0.271356
8  2  23  0.001475  -0.313596
8  2  24  0.00144  -0.352208
8  2  25  0.001479  -0.356799
8  2  26  0.001448  -0.588203
8  2  27  0.001476  -0.550195
8  2  28  0.001439  -0.541304
8  2  29  0.001479  -0.385733
8  2  30  0.001432  -0.431151
8  2  31  0.001473  -0.615269
9  0  0  0.000881  -1.36293
9  0  1  0.001013  -1.3961
9  0  2  0.000872  -1.26639
9  0  3  0.000808  -1.08846
9  0  4  0.000842  -1.15056
9  0  5  0.000891  -1.28133
9  0  6  0.000843  -1.27731
9  0  7  0.000813  -1.20507
9  0  8  0.000873  -1.31499
9  0  9  0.000853  -1.23682
9  0  10  0.000882  -1.17202
9  0  11  0.00086  -1.17893
9  0  12  0.000845  -1.25061
9  0  13  0.00071  -1.14636
9  0  14  0.000866  -1.19326
9  0  15  0.000582  -0.903699
9  0  16  0.000854  -1.32623
9  0  17  0.000819  -1.2031
9  0  18  0.000874  -1.33
9  0  19  0.000889  -1.41601
9  0  20  0.000855  -1.31135
9  0  21  0.000846  -1.2382
9  0  22  0.000848  -1.27253
9  0  23  0.000869  -1.36265
9  0  24  0.000898  -1.29906
9  0  25  0.000872  -1.28441
9  0  26  0.000893  -1.34046
9  0  27  0.000881  -1.38058
9  0  28  0.000896  -1.35869
9  0  29  0.000836  -1.27994
9  0  30  0.000855  -1.20923
9  0  31  0.00085  -1.26793
9  1  0  0.003348  -6.09128
9  1  1  0.001524  -0.034618
9  1  2  0.001536  -0.048843
9  1  3  0.00153  -0.030978
9  1  4  0.001535  -0.128213
9  1  5  0.00153  0.146344
9  1  6  0.001551  -0.103317
9  1  7  0.001531  -0.025932
9  1  8  0.001544  -0.137492
9  1  9  0.001529  0.236357
9  1  10  0.001538  0.082319
9  1  11  0.00153  0.174325
9  1  12  0.001536  -0.060043
9  1  13  0.001536  0.01109
9  1  14  0.001552  -0.049381
9  1  15  0.001537  -0.039219
9  1  16  0.001543  -0.034016
9  1  17  0.001529  0.134694
9  1  18  0.001534  0.04934
9  1  19  0.001533  -0.036778
9  1  20  0.001524  -0.256255
9  1  21  0.00153  -0.002013
9  1  22  0.001531  -0.056098
9  1  23  0.001532  0.03104
9  1  24  0.001532  -0.093792
9  1  25  0.00153  -0.037226
9  1  26  0.001528  -0.031134
9  1  27  0.00152  -0.073292
9  1  28  0.001529  -0.09967
9  1  29  0.001518  0.159103
9  1  30  0.001521  -0.060248
9  1  31  0.001516  -0.080073
9  2  0  0.001494  -0.079744
9  2  1  0.001516  -0.309104
9  2  2  0.001514  -0.290807
9  2  3  0.001597  -0.249272
9  2  4  0.001514  -0.119259
9  2  5  0.001827  -0.414384
9  2  6  0.003487  -7.59269
9  2  7  0.001588  -0.378557
9  2  8  0.00151  -0.143156
9  2  9  0.001525  -0.298779
9  2  10  0.0015  -0.206841
9  2  11  0.001521  -0.22406
9  2  12  0.001513  0.014096
9  2  13  0.00153  -0.163
9  2  14  0.001513  -0.242394
9  2  15  0.001496  -0.398796
9  2  16  0.001513  -0.022436
9  2  17  0.001495  -0.342621
9  2  18  0.00151  -0.101316
9  2  19  0.001516  -0.353288
9  2  20  0.001515  -0.038416
9  2  21  0.001512  -0.193451
9  2  22  0.001524  -0.123689
9  2  23  0.001483  -0.118688
9  2  24  0.001508  -0.126618
9  2  25  0.001476  -0.124186
9  2  26  0.001503  -0.130052
9  2  27  0.001499  -0.321633
9  2  28  0.001507  -0.259267
9  2  29  0.001495  -0.23714
9  2  30  0.001516  -0.178889
9  2  31  0.001502  -0.375895
10  0  0  0.004613  -31.5167
10  0  1  0.002088  -9.22487
10  0  2  0.000823  -1.45226
10  0  3  0.002148  -10.6363
10  0  4  0.000844  -1.22491
10  0  5  0.000865  -1.18529
10  0  6  0.000874  -1.40177
10  0  7  0.000873  -1.20853
10  0  8  0.000862  -1.23655
10  0  9  0.003372  -20.2813
10  0  10  0.002008  -9.73049
10  0  11  0.000868  -1.21737
10  0  12  0.000785  -1.09829
10  0  13  0.000889  -1.31718
10  0  14  0.000711  -0.939053
10  0  15  0.002207  -10.9066
10  0  16  0.000857  -1.17621
10  0  17  0.000836  -1.13775
10  0  18  0.000862  -1.18216
10  0  19  0.000881  -1.23769
10  0  20  0.002226  -11.1419
10  0  21  0.000866  -1.212
10  0  22  0.000877  -1.29566
10  0  23  0.000882  -1.29085
10  0  24  0.000966  -1.23755
10  0  25  0.000832  -1.20995
10  0  26  0.000875  -1.18956
10  0  27  0.000849  -1.2652
10  0  28  0.00376  -23.9247
10  0  29  0.002016  -9.64877
10  0  30  0.000863  -1.21323
10  0  31  0.000852  -1.22604
10  1  0  0.001459  -0.298676
10  1  1  0.001436  0.125269
10  1  2  0.001458  -0.264734
10  1  3  0.001446  0.195418
10  1  4  0.001457  -0.05533
10  1  5  0.001446  -0.004347
10  1  6  0.001462  -0.250738
10  1  7  0.001447  0.057969
10  1  8  0.001471  -0.313282
10  1  9  0.001449  0.105139
10  1  10  0.001472  -0.222594
10  1  11  0.001448  0.011149
10  1  12  0.001465  -0.257967
10  1  13  0.001451  0.131515
10  1  14  0.001464  -0.26798
10  1  15  0.001449  0.098724
10  1  16  0.001458  -0.390395
10  1  17  0.001454  0.071422
10  1  18  0.001455  -0.145006
10  1  19  0.001436  -0.023222
10  1  20  0.001451  -0.146038
10  1  21  0.00145  0.008911
10  1  22  0.001459  -0.241766
10  1  23  0.00144  -0.07517
10  1  24  0.001459  -0.031637
10  1  25  0.001441  0.14391
10  1  26  0.001454  -0.244343
10  1  27  0.001439  0.150683
10  1  28  0.001462  -0.07494
10  1  29  0.001449  0.229998
10  1  30  0.001451  -0.373789
10  1  31  0.001447  0.223947
10  2  0  0.001411  -0.128211
10  2  1  0.001427  -0.548073
10  2  2  0.00141  -0.105013
10  2  3  0.001423  -0.520248
10  2  4  0.001407  -0.110233
10  2  5  0.00142  -0.47839
10  2  6  0.001401  -0.049369
10  2  7  0.001417  -0.610889
10  2  8  0.001418  -0.174065
10  2  9  0.001428  -0.486588
10  2  10  0.001408  -0.203829
10  2  11  0.001417  -0.558288
10  2  12  0.001413  -0.384301
10  2  13  0.001424  -0.566156
10  2  14  0.001409  -0.089088
10  2  15  0.001422  -0.596124
10  2  16  0.00141  -0.295536
10  2  17  0.001416  -0.481952
10  2  18  0.001408  -0.103432
10  2  19  0.001418  -0.619586
10  2  20  0.001415  -0.12982
10  2  21  0.001411  -0.529406
10  2  22  0.00141  -0.206147
10  2  23  0.001413  -0.595966
10  2  24  0.001404  -0.200724
10  2  25  0.001407  -0.591251
10  2  26  0.00141  0.022688
10  2  27  0.001417  -0.660012
10  2  28  0.001406  -0.323409
10  2  29  0.00142  -0.461139
10  2  30  0.001412  -0.277641
10  2  31  0.001427  -0.505375
11  0  0  0.000783  -1.40337
11  0  1  0.000835  -1.3585
11  0  2  0.000848  -1.23833
11  0  3  0.000813  -1.29105
11  0  4  0.000794  -1.35515
11  0  5  0.000809  -1.35238
11  0  6  0.000877  -1.44615
11  0  7  0.000861  -1.44586
11  0  8  0.00085  -1.4488
11  0  9  0.00084  -1.43399
11  0  10  0.000862  -1.30375
11  0  11  0.000858  -1.38677
11  0  12  0.000832  -1.23696
11  0  13  0.000855  -1.50088
11  0  14  0.000873  -1.49772
11  0  15  0.000869  -1.3404
11  0  16  0.000775  -1.23369
11  0  17  0.000815  -1.2009
11  0  18  0.001861  -9.20446
11  0  19  0.000847  -1.32188
11  0  20  0.000815  -1.30218
11  0  21  0.00085  -1.23701
11  0  22  0.000853  -1.3173
11  0  23  0.000862  -1.25129
11  0  24  0.000823  -1.24035
11  0  25  0.000849  -1.2762
11  0  26  0.000787  -1.29928
11  0  27  1  0
11  0  28  0.00084  -1.25712
11  0  29  0.000841  -1.25884
11  0  30  0.000849  -1.37189
11  0  31  0.000865  -1.41321
11  1  0  0.00142  0.125696
11  1  1  0.00145  -0.279933
11  1  2  0.001425  -0.021934
11  1  3  0.001467  -0.239004
11  1  4  0.001438  0.040656
11  1  5  0.001459  -0.103131
11  1  6  0.001437  0.005462
11  1  7  0.001452  -0.208462
11  1  8  0.001429  -0.148329
11  1  9  0.001464  -0.092848
11  1  10  0.001449  -0.067852
11  1  11  0.001462  -0.183451
11  1  12  0.001442  -0.142329
11  1  13  0.001462  -0.116912
11  1  14  0.001431  0.028544
11  1  15  0.001456  -0.191807
11  1  16  0.001441  -0.038472
11  1  17  0.001457  -0.299934
11  1  18  0.001438  -0.155922
11  1  19  0.001469  -0.258607
11  1  20  0.001425  -0.076232
11  1  21  0.001458  -0.333151
11  1  22  0.001432  0.031547
11  1  23  0.001458  -0.231901
11  1  24  0.001432  -0.106007
11  1  25  0.001452  -0.101503
11  1  26  0.001442  -0.123744
11  1  27  0.001459  -0.115972
11  1  28  0.00143  0.07521
11  1  29  0.001449  -0.291981
11  1  30  0.001428  -0.226167
11  1  31  0.001366  0.259012
11  2  0  0.001419  -0.19905
11  2  1  0.001409  -0.312085
11  2  2  0.003248  -7.38781
11  2  3  0.001419  -0.425712
11  2  4  0.001418  -0.245956
11  2  5  0.001407  -0.306839
11  2  6  0.001422  -0.24702
11  2  7  0.001405  -0.322527
11  2  8  0.00143  -0.171794
11  2  9  0.001402  -0.447102
11  2  10  0.001433  0.006486
11  2  11  0.0014  -0.274816
11  2  12  0.001422  -0.343415
11  2  13  0.001404  -0.334057
11  2  14  0.001433  -0.1795
11  2  15  0.001408  -0.268788
11  2  16  0.001427  -0.126036
11  2  17  0.001409  -0.359175
11  2  18  0.001417  -0.061437
11  2  19  0.001411  -0.322471
11  2  20  0.001421  -0.351829
11  2  21  0.001404  -0.293057
11  2  22  0.001419  -0.183944
11  2  23  0.001383  -0.155359
11  2  24  0.00141  -0.177823
11  2  25  0.001386  -0.174896
11  2  26  0.001413  -0.185773
11  2  27  0.001399  -0.28296
11  2  28  0.001425  -0.292511
11  2  29  0.001401  -0.19032
11  2  30  0.001412  -0.118435
11  2  31  0.001399  -0.219785
12  0  0  0.000924  -1.26358
12  0  1  0.000938  -1.36251
12  0  2  0.000891  -1.25837
12  0  3  0.000883  -1.11601
12  0  4  0.000855  -1.17309
12  0  5  0.000883  -1.25605
12  0  6  0.000881  -1.28249
12  0  7  0.00088  -1.16662
12  0  8  0.000906  -1.13457
12  0  9  0.000867  -1.21235
12  0  10  0.00087  -1.18687
12  0  11  0.00091  -1.20513
12  0  12  0.000883  -1.29992
12  0  13  0.000901  -1.29526
12  0  14  0.00088  -1.15797
12  0  15  0.000873  -1.18759
12  0  16  0.000882  -1.4247
12  0  17  0.000891  -1.47998
12  0  18  0.000855  -1.31825
12  0  19  0.000873  -1.33276
12  0  20  0.000881  -1.37835
12  0  21  0.000883  -1.41179
12  0  22  0.002937  -16.3321
12  0  23  0.000865  -1.33156
12  0  24  0.000885  -1.33384
12  0  25  0.000882  -1.34762
12  0  26  0.000875  -1.29195
12  0  27  0.000877  -1.36894
12  0  28  0.000894  -1.33295
12  0  29  0.000857  -1.36605
12  0  30  0.000885  -1.37835
12  0  31  0.000884  -1.44567
12  1  0  0.001447  0.23497
12  1  1  0.001435  0.030795
12  1  2  0.001447  -0.123624
12  1  3  0.001436  0.000193
12  1  4  0.001446  0.066227
12  1  5  0.001435  -0.000284
12  1  6  0.001446  0.01004
12  1  7  0.001437  0.117605
12  1  8  0.001445  0.087213
12  1  9  0.001439  -0.00762
12  1  10  0.001445  0.204409
12  1  11  0.001437  0.057778
12  1  12  0.001456  0.006434
12  1  13  0.001429  0.070433
12  1  14  0.001451  0.05386
12  1  15  0.001436  -0.04264
12  1  16  0.001443  0.039905
12  1  17  0.001441  0.047725
12  1  18  0.001434  0.056009
12  1  19  0.001435  0.088804
12  1  20  0.001446  -0.095281
12  1  21  0.001431  0.014789
12  1  22  0.00144  0.063969
12  1  23  0.001427  0.015796
12  1  24  0.001446  0.050643
12  1  25  0.001437  0.019335
12  1  26  0.001436  0.098831
12  1  27  0.001424  0.05724
12  1  28  0.001433  0.198433
12  1  29  0.001427  0.122357
12  1  30  0.001433  0.091633
12  1  31  0.001429  -0.077813
12  2  0  1  0
12  2  1  0.001446  -0.755225
12  2  2  0.00146  -0.251253
12  2  3  1  0
12  2  4  0.001459  -0.405569
12  2  5  0.001455  -0.631784
12  2  6  0.001468  -0.216091
12  2  7  0.001464  -0.692233
12  2  8  0.001489  -0.369034
12  2  9  0.001464  -0.799557
12  2  10  0.001502  -0.222215
12  2  11  0.00149  -0.841385
12  2  12  0.001511  -0.37832
12  2  13  1  0
12  2  14  0.0015  -0.512884
12  2  15  0.00147  -0.755174
12  2  16  0.001476  -0.354657
12  2  17  0.001485  -0.950502
12  2  18  0.001503  -0.422848
12  2  19  0.003661  -9.32879
12  2  20  0.001492  -0.320421
12  2  21  0.001479  -0.75915
12  2  22  0.001482  -0.351132
12  2  23  0.00146  -0.952888
12  2  24  0.001476  -0.399036
12  2  25  0.001459  -0.549425
12  2  26  0.001465  -0.013277
12  2  27  0.001458  -0.711634
12  2  28  0.001491  -0.220913
12  2  29  0.00147  -0.699522
12  2  30  0.001482  -0.515471
12  2  31  0.001485  -0.859785
13  0  0  0.000888  -1.41668
13  0  1  0.000869  -1.31768
13  0  2  0.000901  -1.36226
13  0  3  0.000843  -1.26535
13  0  4  0.000784  -1.13399
13  0  5  0.000859  -1.28281
13  0  6  0.000851  -1.34037
13  0  7  0.00083  -1.2996
13  0  8  0.000833  -1.27371
13  0  9  0.000832  -1.17262
13  0  10  0.000869  -1.28292
13  0  11  0.000872  -1.3112
13  0  12  0.000837  -1.36256
13  0  13  0.000851  -1.28008
13  0  14  0.000871  -1.38819
13  0  15  0.000867  -1.33432
13  0  16  0.000875  -1.48064
13  0  17  0.00089  -1.5457
13  0  18  0.000854  -1.41235
13  0  19  0.000857  -1.39314
13  0  20  0.000868  -1.46822
13  0  21  0.000841  -1.32984
13  0  22  0.000843  -1.45617
13  0  23  0.000879  -1.44065
13  0  24  0.000863  -1.41463
13  0  25  0.000852  -1.33246
13  0  26  0.000883  -1.41226
13  0  27  0.000828  -1.38983
13  0  28  0.000871  -1.37884
13  0  29  0.000845  -1.3237
13  0  30  0.000834  -1.35709
13  0  31  0.000789  -1.29001
13  1  0  0.001414  0.029031
13  1  1  0.001445  -0.062215
13  1  2  0.00143  0.026861
13  1  3  0.001441  -0.246006
13  1  4  0.00143  -0.026701
13  1  5  0.001433  -0.21417
13  1  6  0.001432  0.24676
13  1  7  0.001446  -0.217498
13  1  8  0.001441  -0.026279
13  1  9  0.001435  -0.098062
13  1  10  0.00144  0.115443
13  1  11  0.001436  -0.026981
13  1  12  0.001453  -0.02977
13  1  13  0.001439  0.006655
13  1  14  0.001434  0.181176
13  1  15  0.001441  0.038235
13  1  16  0.001432  0.20825
13  1  17  0.00143  -0.086089
13  1  18  0.001445  -0.027579
13  1  19  0.001438  -0.169071
13  1  20  0.001429  0.13379
13  1  21  0.001432  -0.006076
13  1  22  0.001436  0.094758
13  1  23  0.001428  -0.004013
13  1  24  0.001427  0.085275
13  1  25  0.001421  0.064273
13  1  26  0.001438  -0.019
13  1  27  0.00143  -0.141807
13  1  28  0.001435  0.122925
13  1  29  0.001423  -0.10608
13  1  30  0.00144  0.010719
13  1  31  0.001423  0.020922
13  2  0  0.001443  -0.490772
13  2  1  0.001493  -0.295351
13  2  2  0.001465  -0.499305
13  2  3  0.005062  -13.573
13  2  4  0.00146  -0.419219
13  2  5  0.001486  -0.148145
13  2  6  0.00147  -0.387104
13  2  7  0.001482  -0.049446
13  2  8  0.001469  -0.458452
13  2  9  0.001484  -0.215201
13  2  10  0.001474  -0.579114
13  2  11  0.001484  -0.376168
13  2  12  0.00147  -0.468565
13  2  13  0.001489  -0.169887
13  2  14  0.001466  -0.649385
13  2  15  0.001489  -0.194246
13  2  16  0.001456  -0.685451
13  2  17  0.001496  -0.220695
13  2  18  0.001451  -0.456532
13  2  19  0.001496  -0.219539
13  2  20  0.001447  -0.419421
13  2  21  0.001495  -0.22607
13  2  22  0.001453  -0.409294
13  2  23  0.001481  -0.131636
13  2  24  0.001462  -0.794629
13  2  25  0.001492  -0.26308
13  2  26  0.001456  -0.488497
13  2  27  0.00149  -0.301162
13  2  28  0.001458  -0.762634
13  2  29  0.001484  -0.30006
13  2  30  0.001442  -0.472444
13  2  31  1  0
